55.944425,-3.188396,NE,55.94463713203436,-3.1881838679656442,42.10219188548621,338.0684489884539
55.94463713203436,-3.1881838679656442,ENE,55.94475193706407,-3.187906704105891,42.10219188548621,336.8184489884539
55.94475193706407,-3.187906704105891,ENE,55.94486674209378,-3.1876295402461374,42.10219188548621,335.5684489884539
55.94486674209378,-3.1876295402461374,NE,55.945078874128136,-3.1874174082117817,42.10219188548621,334.3184489884539
55.945078874128136,-3.1874174082117817,NNE,55.94535603798789,-3.187302603182072,59.44862736050261,420.27808348955426
55.94535603798789,-3.187302603182072,NW,55.94556817002225,-3.187514735216428,170.31022652933729,524.2389722324508
55.94556817002225,-3.187514735216428,N,55.94586817002225,-3.187514735216428,170.31022652933729,522.9889722324508
55.94586817002225,-3.187514735216428,NNE,55.94614533388201,-3.1873999301867184,291.75093954656626,609.7419740021438
55.94614533388201,-3.1873999301867184,WSW,55.9460305288523,-3.187677094046472,380.9691768837462,708.2207998689948
55.9460305288523,-3.187677094046472,ENE,55.94614533388201,-3.1873999301867184,380.9691768837462,706.9707998689948
55.94614533388201,-3.1873999301867184,W,55.94614533388201,-3.1876999301867186,380.9691768837462,705.7207998689948
55.94614533388201,-3.1876999301867186,E,55.94614533388201,-3.1873999301867184,380.9691768837462,704.4707998689948
55.94614533388201,-3.1873999301867184,E,55.94614533388201,-3.187099930186718,380.9691768837462,703.2207998689948
55.94614533388201,-3.187099930186718,E,55.94614533388201,-3.186799930186718,380.9691768837462,701.9707998689948
55.94614533388201,-3.186799930186718,E,55.94614533388201,-3.186499930186718,380.9691768837462,700.7207998689948
55.94614533388201,-3.186499930186718,E,55.94614533388201,-3.1861999301867177,380.9691768837462,699.4707998689948
55.94614533388201,-3.1861999301867177,E,55.94614533388201,-3.1858999301867175,380.9691768837462,698.2207998689948
55.94614533388201,-3.1858999301867175,E,55.94614533388201,-3.1855999301867173,409.36252353653083,743.5081647878734
55.94614533388201,-3.1855999301867173,E,55.94614533388201,-3.185299930186717,409.36252353653083,742.2581647878734
55.94614533388201,-3.185299930186717,SE,55.94593320184765,-3.1850877981523613,409.36252353653083,741.0081647878734
55.94593320184765,-3.1850877981523613,ESE,55.94581839681794,-3.184810634292608,409.36252353653083,739.7581647878734
55.94581839681794,-3.184810634292608,NE,55.9460305288523,-3.184598502258252,524.4240731132879,859.3733199767197
55.9460305288523,-3.184598502258252,SW,55.94581839681794,-3.184810634292608,524.4240731132879,858.1233199767197
55.94581839681794,-3.184810634292608,NE,55.9460305288523,-3.184598502258252,524.4240731132879,856.8733199767197
55.9460305288523,-3.184598502258252,SW,55.94581839681794,-3.184810634292608,524.4240731132879,855.6233199767197
55.94581839681794,-3.184810634292608,WSW,55.94570359178823,-3.1850877981523613,524.4240731132879,854.3733199767197
55.94570359178823,-3.1850877981523613,S,55.94540359178823,-3.1850877981523613,621.6798054489399,905.0909033957571
55.94540359178823,-3.1850877981523613,WSW,55.94528878675852,-3.1853649620121147,621.6798054489399,903.8409033957571
55.94528878675852,-3.1853649620121147,W,55.94528878675852,-3.185664962012115,621.6798054489399,902.5909033957571
55.94528878675852,-3.185664962012115,SW,55.94507665472416,-3.1858770940464707,637.2514621200136,988.1781283443004
55.94507665472416,-3.1858770940464707,W,55.94507665472416,-3.186177094046471,637.2514621200136,986.9281283443004
55.94507665472416,-3.186177094046471,W,55.94507665472416,-3.186477094046471,744.7891178583404,1012.4846465117948
55.94507665472416,-3.186477094046471,SW,55.944864522689805,-3.186689226080827,744.7891178583404,1011.2346465117948
55.944864522689805,-3.186689226080827,SW,55.94465239065545,-3.1869013581151826,805.2167302388024,1095.0442815571673
55.94465239065545,-3.1869013581151826,NE,55.944864522689805,-3.186689226080827,805.2167302388024,1093.7942815571673
55.944864522689805,-3.186689226080827,SE,55.94465239065545,-3.186477094046471,909.488409300507,1092.691756373966
55.94465239065545,-3.186477094046471,SSW,55.94437522679569,-3.1865918990761806,909.488409300507,1091.441756373966
55.94437522679569,-3.1865918990761806,SSW,55.944098062935936,-3.18670670410589,909.488409300507,1090.191756373966
55.944098062935936,-3.18670670410589,SSW,55.94382089907618,-3.1868215091355996,909.488409300507,1088.941756373966
55.94382089907618,-3.1868215091355996,SSE,55.94354373521642,-3.18670670410589,912.0458217420664,1090.6220378503722
55.94354373521642,-3.18670670410589,S,55.94324373521642,-3.18670670410589,912.0458217420664,1089.3720378503722
55.94324373521642,-3.18670670410589,S,55.94294373521642,-3.18670670410589,929.9441869095556,1113.979691444944
55.94294373521642,-3.18670670410589,W,55.94294373521642,-3.1870067041058903,929.9441869095556,1112.729691444944
55.94294373521642,-3.1870067041058903,W,55.94294373521642,-3.1873067041058905,929.9441869095556,1111.479691444944
55.94294373521642,-3.1873067041058905,WSW,55.94282893018671,-3.187583867965644,970.4734067084747,1163.7283703460737
55.94282893018671,-3.187583867965644,WNW,55.94294373521642,-3.1878610318253973,970.4734067084747,1162.4783703460737
55.94294373521642,-3.1878610318253973,W,55.94294373521642,-3.1881610318253975,970.4734067084747,1161.2283703460737
55.94294373521642,-3.1881610318253975,NW,55.94315586725077,-3.1883731638597532,983.284960952862,1262.8303899138825
55.94315586725077,-3.1883731638597532,SSW,55.94287870339102,-3.1884879688894627,1083.8720903809321,1319.208728957982
55.94287870339102,-3.1884879688894627,NW,55.94309083542537,-3.1887001009238185,1083.8720903809321,1317.958728957982
55.94309083542537,-3.1887001009238185,NNW,55.94336799928513,-3.188814905953528,1083.8720903809321,1316.708728957982
55.94336799928513,-3.188814905953528,N,55.94366799928513,-3.188814905953528,1139.8625496420084,1348.0847393289964
55.94366799928513,-3.188814905953528,W,55.94366799928513,-3.189114905953528,1139.8625496420084,1346.8347393289964
55.94366799928513,-3.189114905953528,W,55.94366799928513,-3.1894149059535284,1139.8625496420084,1345.5847393289964
55.94366799928513,-3.1894149059535284,W,55.94366799928513,-3.1897149059535286,1194.7506903400472,1400.9859519882257
55.94366799928513,-3.1897149059535286,SSW,55.943390835425376,-3.189829710983238,1282.066716973388,1496.1534878253756
55.943390835425376,-3.189829710983238,WNW,55.943505640455086,-3.1901068748429915,1282.066716973388,1494.9034878253756
55.943505640455086,-3.1901068748429915,W,55.943505640455086,-3.1904068748429917,1377.6451175491964,1591.9392624163995
55.943505640455086,-3.1904068748429917,NNE,55.94378280431484,-3.190292069813282,1377.6451175491964,1590.6892624163995
55.94378280431484,-3.190292069813282,N,55.944082804314846,-3.190292069813282,1481.412580011199,1665.022009695201
55.944082804314846,-3.190292069813282,W,55.944082804314846,-3.1905920698132824,1481.412580011199,1663.772009695201
55.944082804314846,-3.1905920698132824,SW,55.94387067228049,-3.190804201847638,1588.5884243325231,1718.9679534061488
55.94387067228049,-3.190804201847638,N,55.94417067228049,-3.190804201847638,1588.5884243325231,1717.7179534061488
55.94417067228049,-3.190804201847638,N,55.944470672280495,-3.190804201847638,1700.2947107066464,1733.7925141545438
55.944470672280495,-3.190804201847638,NNE,55.94474783614025,-3.1906893968179286,1784.4657197738416,1791.7301858138962
55.94474783614025,-3.1906893968179286,W,55.94474783614025,-3.190989396817929,1784.4657197738416,1790.4801858138962
55.94474783614025,-3.190989396817929,WSW,55.94463303111054,-3.191266560677682,1896.914624791017,1790.879029121831
55.94463303111054,-3.191266560677682,SSW,55.944355867250785,-3.1913813657073917,1948.0085908134593,1836.349088526233
55.944355867250785,-3.1913813657073917,S,55.94405586725078,-3.1913813657073917,2031.6754734299454,1865.7630314309201
55.94405586725078,-3.1913813657073917,ENE,55.94417067228049,-3.1911042018476383,2031.6754734299454,1864.5130314309201
55.94417067228049,-3.1911042018476383,ENE,55.9442854773102,-3.190827037987885,2031.6754734299454,1863.2630314309201
55.9442854773102,-3.190827037987885,ENE,55.94440028233991,-3.1905498741281315,2031.6754734299454,1862.0130314309201
55.94440028233991,-3.1905498741281315,ENE,55.94451508736962,-3.190272710268378,2031.6754734299454,1860.7630314309201
55.94451508736962,-3.190272710268378,NE,55.94472721940398,-3.1900605782340223,2031.6754734299454,1859.5130314309201
55.94472721940398,-3.1900605782340223,NNE,55.945004383263736,-3.189945773204313,2032.4486739233173,1981.5913609263896
55.945004383263736,-3.189945773204313,E,55.945004383263736,-3.1896457732043126,2032.4486739233173,1980.3413609263896
55.945004383263736,-3.1896457732043126,ENE,55.94511918829345,-3.1893686093445592,2058.1476919976394,2066.41770850471
55.94511918829345,-3.1893686093445592,N,55.94541918829345,-3.1893686093445592,2058.1476919976394,2065.16770850471
55.94541918829345,-3.1893686093445592,N,55.94571918829345,-3.1893686093445592,2058.1476919976394,2063.91770850471
55.94571918829345,-3.1893686093445592,N,55.946019188293455,-3.1893686093445592,2161.8012928577173,2179.4134957628507
55.946019188293455,-3.1893686093445592,ESE,55.945904383263745,-3.189091445484806,2161.8012928577173,2178.1634957628507
55.945904383263745,-3.189091445484806,ENE,55.946019188293455,-3.1888142816250524,2161.8012928577173,2176.9134957628507
55.946019188293455,-3.1888142816250524,ESE,55.945904383263745,-3.188537117765299,2161.8012928577173,2175.6634957628507
55.945904383263745,-3.188537117765299,ESE,55.945789578234034,-3.1882599539055456,2161.8012928577173,2174.4134957628507
55.945789578234034,-3.1882599539055456,ENE,55.945904383263745,-3.187982790045792,2161.8012928577173,2173.1634957628507
55.945904383263745,-3.187982790045792,NE,55.9461165152981,-3.1877706580114364,2161.8012928577173,2171.9134957628507
55.9461165152981,-3.1877706580114364,ENE,55.94623132032781,-3.187493494151683,2161.8012928577173,2170.6634957628507
55.94623132032781,-3.187493494151683,W,55.94623132032781,-3.1877934941516832,2161.8012928577173,2169.4134957628507
55.94623132032781,-3.1877934941516832,E,55.94623132032781,-3.187493494151683,2161.8012928577173,2168.1634957628507
55.94623132032781,-3.187493494151683,W,55.94623132032781,-3.1877934941516832,2161.8012928577173,2166.9134957628507
55.94623132032781,-3.1877934941516832,E,55.94623132032781,-3.187493494151683,2161.8012928577173,2165.6634957628507
55.94623132032781,-3.187493494151683,SE,55.946019188293455,-3.1872813621173273,2161.8012928577173,2164.4134957628507
55.946019188293455,-3.1872813621173273,ESE,55.945904383263745,-3.187004198257574,2161.8012928577173,2163.1634957628507
55.945904383263745,-3.187004198257574,SE,55.94569225122939,-3.186792066223218,2161.8012928577173,2161.9134957628507
55.94569225122939,-3.186792066223218,ESE,55.94557744619968,-3.1865149023634647,2161.8012928577173,2160.6634957628507
55.94557744619968,-3.1865149023634647,SE,55.94536531416532,-3.186302770329109,2161.8012928577173,2159.4134957628507
55.94536531416532,-3.186302770329109,ESE,55.94525050913561,-3.1860256064693555,2161.8012928577173,2158.1634957628507
55.94525050913561,-3.1860256064693555,SE,55.945038377101255,-3.1858134744349997,2161.8012928577173,2156.9134957628507
55.945038377101255,-3.1858134744349997,ESE,55.944923572071545,-3.1855363105752463,2161.8012928577173,2155.6634957628507
55.944923572071545,-3.1855363105752463,SE,55.94471144003719,-3.1853241785408906,2161.8012928577173,2154.4134957628507
55.94471144003719,-3.1853241785408906,ESE,55.94459663500748,-3.185047014681137,2161.8012928577173,2153.1634957628507
55.94459663500748,-3.185047014681137,ENE,55.94471144003719,-3.1847698508213838,2161.8012928577173,2151.9134957628507
55.94471144003719,-3.1847698508213838,WSW,55.94459663500748,-3.185047014681137,2161.8012928577173,2150.6634957628507
55.94459663500748,-3.185047014681137,ENE,55.94471144003719,-3.1847698508213838,2161.8012928577173,2149.4134957628507
55.94471144003719,-3.1847698508213838,WSW,55.94459663500748,-3.185047014681137,2161.8012928577173,2148.1634957628507
55.94459663500748,-3.185047014681137,SSW,55.94431947114772,-3.1851618197108467,2161.8012928577173,2146.9134957628507
55.94431947114772,-3.1851618197108467,S,55.94401947114772,-3.1851618197108467,2161.8012928577173,2145.6634957628507
55.94401947114772,-3.1851618197108467,SSW,55.94374230728796,-3.185276624740556,2161.8012928577173,2144.4134957628507
55.94374230728796,-3.185276624740556,S,55.94344230728796,-3.185276624740556,2257.724441067004,2190.4699300915945
55.94344230728796,-3.185276624740556,ESE,55.94332750225825,-3.1849994608808028,2257.724441067004,2189.2199300915945
55.94332750225825,-3.1849994608808028,E,55.94332750225825,-3.1846994608808026,2257.724441067004,2187.9699300915945
55.94332750225825,-3.1846994608808026,ENE,55.94344230728796,-3.184422297021049,2278.625222814863,2252.93581098917
55.94344230728796,-3.184422297021049,NW,55.943654439322316,-3.184634429055405,2278.625222814863,2251.68581098917
55.943654439322316,-3.184634429055405,NW,55.94386657135667,-3.1848465610897607,2278.625222814863,2250.43581098917
55.94386657135667,-3.1848465610897607,NW,55.94407870339103,-3.1850586931241165,2278.625222814863,2249.18581098917
55.94407870339103,-3.1850586931241165,NW,55.944290835425385,-3.1852708251584723,2278.625222814863,2247.93581098917
55.944290835425385,-3.1852708251584723,NW,55.94450296745974,-3.185482957192828,2278.625222814863,2246.68581098917
55.94450296745974,-3.185482957192828,NW,55.9447150994941,-3.185695089227184,2278.625222814863,2245.43581098917
55.9447150994941,-3.185695089227184,NW,55.94492723152845,-3.1859072212615396,2278.625222814863,2244.18581098917
55.94492723152845,-3.1859072212615396,NW,55.94513936356281,-3.1861193532958954,2278.625222814863,2242.93581098917
55.94513936356281,-3.1861193532958954,NW,55.945351495597166,-3.186331485330251,2278.625222814863,2241.68581098917
55.945351495597166,-3.186331485330251,NW,55.94556362763152,-3.186543617364607,2278.625222814863,2240.43581098917
55.94556362763152,-3.186543617364607,WNW,55.94567843266123,-3.1868207812243603,2278.625222814863,2239.18581098917
55.94567843266123,-3.1868207812243603,NW,55.94589056469559,-3.187032913258716,2278.625222814863,2237.93581098917
55.94589056469559,-3.187032913258716,WNW,55.9460053697253,-3.1873100771184695,2278.625222814863,2236.68581098917
55.9460053697253,-3.1873100771184695,NW,55.946217501759655,-3.1875222091528252,2278.625222814863,2235.43581098917
55.946217501759655,-3.1875222091528252,W,55.946217501759655,-3.1878222091528254,2278.625222814863,2234.18581098917
55.946217501759655,-3.1878222091528254,E,55.946217501759655,-3.1875222091528252,2278.625222814863,2232.93581098917
55.946217501759655,-3.1875222091528252,W,55.946217501759655,-3.1878222091528254,2278.625222814863,2231.68581098917
55.946217501759655,-3.1878222091528254,E,55.946217501759655,-3.1875222091528252,2278.625222814863,2230.43581098917
55.946217501759655,-3.1875222091528252,W,55.946217501759655,-3.1878222091528254,2278.625222814863,2229.18581098917
55.946217501759655,-3.1878222091528254,E,55.946217501759655,-3.1875222091528252,2278.625222814863,2227.93581098917
55.946217501759655,-3.1875222091528252,SW,55.9460053697253,-3.187734341187181,2278.625222814863,2226.68581098917
55.9460053697253,-3.187734341187181,SW,55.94579323769094,-3.187946473221537,2278.625222814863,2225.43581098917
55.94579323769094,-3.187946473221537,SW,55.945581105656586,-3.1881586052558926,2278.625222814863,2224.18581098917
55.945581105656586,-3.1881586052558926,SW,55.94536897362223,-3.1883707372902483,2278.625222814863,2222.93581098917
55.94536897362223,-3.1883707372902483,SSW,55.945091809762474,-3.188485542319958,2278.625222814863,2221.68581098917
55.945091809762474,-3.188485542319958,SW,55.94487967772812,-3.1886976743543136,2278.625222814863,2220.43581098917
55.94487967772812,-3.1886976743543136,WSW,55.94476487269841,-3.188974838214067,2278.625222814863,2219.18581098917
55.94476487269841,-3.188974838214067,WSW,55.9446500676687,-3.1892520020738204,2278.625222814863,2217.93581098917
55.9446500676687,-3.1892520020738204,SSW,55.94437290380894,-3.18936680710353,2278.625222814863,2216.68581098917
55.94437290380894,-3.18936680710353,WSW,55.94425809877923,-3.1896439709632833,2278.625222814863,2215.43581098917
55.94425809877923,-3.1896439709632833,ENE,55.94437290380894,-3.18936680710353,2278.625222814863,2214.18581098917
55.94437290380894,-3.18936680710353,WSW,55.94425809877923,-3.1896439709632833,2278.625222814863,2212.93581098917
55.94425809877923,-3.1896439709632833,ENE,55.94437290380894,-3.18936680710353,2278.625222814863,2211.68581098917
55.94437290380894,-3.18936680710353,NE,55.944585035843296,-3.189154675069174,2278.625222814863,2210.43581098917
55.944585035843296,-3.189154675069174,NE,55.94479716787765,-3.1889425430348184,2278.625222814863,2209.18581098917
55.94479716787765,-3.1889425430348184,E,55.94479716787765,-3.188642543034818,2278.625222814863,2207.93581098917
55.94479716787765,-3.188642543034818,NE,55.94500929991201,-3.1884304110004624,2278.625222814863,2206.68581098917
55.94500929991201,-3.1884304110004624,NE,55.945221431946365,-3.1882182789661067,2278.625222814863,2205.43581098917
55.945221431946365,-3.1882182789661067,NE,55.94543356398072,-3.188006146931751,2278.625222814863,2204.18581098917
55.94543356398072,-3.188006146931751,NNE,55.94571072784048,-3.1878913419020414,2278.625222814863,2202.93581098917
55.94571072784048,-3.1878913419020414,NE,55.945922859874834,-3.1876792098676856,2278.625222814863,2201.68581098917
55.945922859874834,-3.1876792098676856,NNE,55.94620002373459,-3.187564404837976,2278.625222814863,2200.43581098917
55.94620002373459,-3.187564404837976,E,55.94620002373459,-3.187264404837976,2278.625222814863,2199.18581098917
55.94620002373459,-3.187264404837976,W,55.94620002373459,-3.187564404837976,2278.625222814863,2197.93581098917
55.94620002373459,-3.187564404837976,E,55.94620002373459,-3.187264404837976,2278.625222814863,2196.68581098917
55.94620002373459,-3.187264404837976,W,55.94620002373459,-3.187564404837976,2278.625222814863,2195.43581098917
55.94620002373459,-3.187564404837976,E,55.94620002373459,-3.187264404837976,2278.625222814863,2194.18581098917
55.94620002373459,-3.187264404837976,WSW,55.94608521870488,-3.1875415686977293,2278.625222814863,2192.93581098917
55.94608521870488,-3.1875415686977293,WSW,55.94597041367517,-3.1878187325574827,2278.625222814863,2191.68581098917
55.94597041367517,-3.1878187325574827,WSW,55.94585560864546,-3.188095896417236,2278.625222814863,2190.43581098917
55.94585560864546,-3.188095896417236,WSW,55.94574080361575,-3.1883730602769895,2278.625222814863,2189.18581098917
55.94574080361575,-3.1883730602769895,W,55.94574080361575,-3.1886730602769897,2278.625222814863,2187.93581098917
55.94574080361575,-3.1886730602769897,WSW,55.94562599858604,-3.188950224136743,2278.625222814863,2186.68581098917
55.94562599858604,-3.188950224136743,W,55.94562599858604,-3.1892502241367433,2278.625222814863,2185.43581098917
55.94562599858604,-3.1892502241367433,WSW,55.94551119355633,-3.1895273879964967,2278.625222814863,2184.18581098917
55.94551119355633,-3.1895273879964967,W,55.94551119355633,-3.189827387996497,2278.625222814863,2182.93581098917
55.94551119355633,-3.189827387996497,SSW,55.94523402969657,-3.1899421930262064,2278.625222814863,2181.68581098917
55.94523402969657,-3.1899421930262064,WSW,55.94511922466686,-3.19021935688596,2278.625222814863,2180.43581098917
55.94511922466686,-3.19021935688596,NW,55.94533135670122,-3.1904314889203156,2278.625222814863,2179.18581098917
55.94533135670122,-3.1904314889203156,SE,55.94511922466686,-3.19021935688596,2278.625222814863,2177.93581098917
55.94511922466686,-3.19021935688596,NW,55.94533135670122,-3.1904314889203156,2278.625222814863,2176.68581098917
55.94533135670122,-3.1904314889203156,SE,55.94511922466686,-3.19021935688596,2278.625222814863,2175.43581098917
55.94511922466686,-3.19021935688596,SE,55.944907092632505,-3.190007224851604,2278.625222814863,2174.18581098917
55.944907092632505,-3.190007224851604,SE,55.94469496059815,-3.1897950928172483,2278.625222814863,2172.93581098917
55.94469496059815,-3.1897950928172483,S,55.944394960598146,-3.1897950928172483,2278.625222814863,2171.68581098917
55.944394960598146,-3.1897950928172483,ESE,55.944280155568435,-3.189517928957495,2278.625222814863,2170.43581098917
55.944280155568435,-3.189517928957495,ESE,55.944165350538725,-3.1892407650977415,2278.625222814863,2169.18581098917
55.944165350538725,-3.1892407650977415,ESE,55.944050545509015,-3.188963601237988,2278.625222814863,2167.93581098917
55.944050545509015,-3.188963601237988,ESE,55.943935740479304,-3.1886864373782347,2278.625222814863,2166.68581098917
55.943935740479304,-3.1886864373782347,SE,55.94372360844495,-3.188474305343879,2278.625222814863,2165.43581098917
55.94372360844495,-3.188474305343879,ESE,55.94360880341524,-3.1881971414841255,2278.625222814863,2164.18581098917
55.94360880341524,-3.1881971414841255,E,55.94360880341524,-3.1878971414841253,2278.625222814863,2162.93581098917
55.94360880341524,-3.1878971414841253,ESE,55.94349399838553,-3.187619977624372,2278.625222814863,2161.68581098917
55.94349399838553,-3.187619977624372,WNW,55.94360880341524,-3.1878971414841253,2278.625222814863,2160.43581098917
55.94360880341524,-3.1878971414841253,ESE,55.94349399838553,-3.187619977624372,2278.625222814863,2159.18581098917
55.94349399838553,-3.187619977624372,WNW,55.94360880341524,-3.1878971414841253,2278.625222814863,2157.93581098917
55.94360880341524,-3.1878971414841253,N,55.94390880341524,-3.1878971414841253,2278.625222814863,2156.68581098917
55.94390880341524,-3.1878971414841253,N,55.94420880341524,-3.1878971414841253,2278.625222814863,2155.43581098917
55.94420880341524,-3.1878971414841253,N,55.944508803415246,-3.1878971414841253,2278.625222814863,2154.18581098917
55.944508803415246,-3.1878971414841253,NNE,55.944785967275,-3.1877823364544158,2278.625222814863,2152.93581098917
55.944785967275,-3.1877823364544158,N,55.945085967275006,-3.1877823364544158,2278.625222814863,2151.68581098917
55.945085967275006,-3.1877823364544158,NNE,55.94536313113476,-3.1876675314247063,2278.625222814863,2150.43581098917
55.94536313113476,-3.1876675314247063,N,55.945663131134765,-3.1876675314247063,2278.625222814863,2149.18581098917
55.945663131134765,-3.1876675314247063,NNE,55.94594029499452,-3.1875527263949968,2278.625222814863,2147.93581098917
55.94594029499452,-3.1875527263949968,NNE,55.94621745885428,-3.1874379213652873,2278.625222814863,2146.68581098917
55.94621745885428,-3.1874379213652873,W,55.94621745885428,-3.1877379213652874,2278.625222814863,2145.43581098917
55.94621745885428,-3.1877379213652874,E,55.94621745885428,-3.1874379213652873,2278.625222814863,2144.18581098917
55.94621745885428,-3.1874379213652873,W,55.94621745885428,-3.1877379213652874,2278.625222814863,2142.93581098917
55.94621745885428,-3.1877379213652874,E,55.94621745885428,-3.1874379213652873,2278.625222814863,2141.68581098917
55.94621745885428,-3.1874379213652873,SW,55.94600532681992,-3.187650053399643,2278.625222814863,2140.43581098917
55.94600532681992,-3.187650053399643,SW,55.945793194785566,-3.187862185433999,2278.625222814863,2139.18581098917
55.945793194785566,-3.187862185433999,SW,55.94558106275121,-3.1880743174683546,2278.625222814863,2137.93581098917
55.94558106275121,-3.1880743174683546,SW,55.94536893071685,-3.1882864495027103,2278.625222814863,2136.68581098917
55.94536893071685,-3.1882864495027103,SW,55.9451567986825,-3.188498581537066,2278.625222814863,2135.43581098917
55.9451567986825,-3.188498581537066,SSW,55.94487963482274,-3.1886133865667756,2278.625222814863,2134.18581098917
55.94487963482274,-3.1886133865667756,WSW,55.94476482979303,-3.188890550426529,2278.625222814863,2132.93581098917
55.94476482979303,-3.188890550426529,WSW,55.94465002476332,-3.1891677142862824,2278.625222814863,2131.68581098917
55.94465002476332,-3.1891677142862824,WNW,55.94476482979303,-3.189444878146036,2278.625222814863,2130.43581098917
55.94476482979303,-3.189444878146036,W,55.94476482979303,-3.189744878146036,2278.625222814863,2129.18581098917
55.94476482979303,-3.189744878146036,E,55.94476482979303,-3.189444878146036,2278.625222814863,2127.93581098917
55.94476482979303,-3.189444878146036,W,55.94476482979303,-3.189744878146036,2278.625222814863,2126.68581098917
55.94476482979303,-3.189744878146036,E,55.94476482979303,-3.189444878146036,2278.625222814863,2125.43581098917
55.94476482979303,-3.189444878146036,E,55.94476482979303,-3.1891448781460356,2278.625222814863,2124.18581098917
55.94476482979303,-3.1891448781460356,E,55.94476482979303,-3.1888448781460355,2278.625222814863,2122.93581098917
55.94476482979303,-3.1888448781460355,E,55.94476482979303,-3.1885448781460353,2278.625222814863,2121.68581098917
55.94476482979303,-3.1885448781460353,E,55.94476482979303,-3.188244878146035,2278.625222814863,2120.43581098917
55.94476482979303,-3.188244878146035,E,55.94476482979303,-3.187944878146035,2278.625222814863,2119.18581098917
55.94476482979303,-3.187944878146035,E,55.94476482979303,-3.1876448781460347,2278.625222814863,2117.93581098917
55.94476482979303,-3.1876448781460347,E,55.94476482979303,-3.1873448781460345,2278.625222814863,2116.68581098917
55.94476482979303,-3.1873448781460345,E,55.94476482979303,-3.1870448781460343,2278.625222814863,2115.43581098917
55.94476482979303,-3.1870448781460343,E,55.94476482979303,-3.186744878146034,2278.625222814863,2114.18581098917
55.94476482979303,-3.186744878146034,E,55.94476482979303,-3.186444878146034,2278.625222814863,2112.93581098917
55.94476482979303,-3.186444878146034,ESE,55.94465002476332,-3.1861677142862805,2278.625222814863,2111.68581098917
55.94465002476332,-3.1861677142862805,E,55.94465002476332,-3.1858677142862803,2278.625222814863,2110.43581098917
55.94465002476332,-3.1858677142862803,ESE,55.94453521973361,-3.185590550426527,2278.625222814863,2109.18581098917
55.94453521973361,-3.185590550426527,E,55.94453521973361,-3.1852905504265268,2278.625222814863,2107.93581098917
55.94453521973361,-3.1852905504265268,SE,55.94432308769925,-3.185078418392171,2278.625222814863,2106.68581098917
55.94432308769925,-3.185078418392171,SE,55.9441109556649,-3.184866286357815,2278.625222814863,2105.43581098917
55.9441109556649,-3.184866286357815,NW,55.94432308769925,-3.185078418392171,2278.625222814863,2104.18581098917
55.94432308769925,-3.185078418392171,SE,55.9441109556649,-3.184866286357815,2278.625222814863,2102.93581098917
55.9441109556649,-3.184866286357815,NW,55.94432308769925,-3.185078418392171,2278.625222814863,2101.68581098917
55.94432308769925,-3.185078418392171,NW,55.94453521973361,-3.1852905504265268,2278.625222814863,2100.43581098917
55.94453521973361,-3.1852905504265268,NW,55.944747351767965,-3.1855026824608825,2278.625222814863,2099.18581098917
55.944747351767965,-3.1855026824608825,NW,55.94495948380232,-3.1857148144952383,2278.625222814863,2097.93581098917
55.94495948380232,-3.1857148144952383,NW,55.94517161583668,-3.185926946529594,2278.625222814863,2096.68581098917
55.94517161583668,-3.185926946529594,WNW,55.94528642086639,-3.1862041103893475,2278.625222814863,2095.43581098917
55.94528642086639,-3.1862041103893475,NW,55.945498552900744,-3.1864162424237032,2278.625222814863,2094.18581098917
55.945498552900744,-3.1864162424237032,WNW,55.945613357930455,-3.1866934062834567,2278.625222814863,2092.93581098917
55.945613357930455,-3.1866934062834567,NW,55.94582548996481,-3.1869055383178124,2278.625222814863,2091.68581098917
55.94582548996481,-3.1869055383178124,WNW,55.94594029499452,-3.187182702177566,2278.625222814863,2090.43581098917
55.94594029499452,-3.187182702177566,NW,55.94615242702888,-3.1873948342119216,2278.625222814863,2089.18581098917
55.94615242702888,-3.1873948342119216,W,55.94615242702888,-3.187694834211922,2278.625222814863,2087.93581098917
55.94615242702888,-3.187694834211922,E,55.94615242702888,-3.1873948342119216,2278.625222814863,2086.68581098917
55.94615242702888,-3.1873948342119216,W,55.94615242702888,-3.187694834211922,2278.625222814863,2085.43581098917
55.94615242702888,-3.187694834211922,E,55.94615242702888,-3.1873948342119216,2278.625222814863,2084.18581098917
55.94615242702888,-3.1873948342119216,S,55.945852427028875,-3.1873948342119216,2278.625222814863,2082.93581098917
55.945852427028875,-3.1873948342119216,S,55.94555242702887,-3.1873948342119216,2278.625222814863,2081.68581098917
55.94555242702887,-3.1873948342119216,SSW,55.945275263169115,-3.187509639241631,2278.625222814863,2080.43581098917
