55.944425,-3.188396,SSE,55.944147836140246,-3.1882811949702905,0.0,248.75
55.944147836140246,-3.1882811949702905,S,55.94384783614024,-3.1882811949702905,0.0,247.5
55.94384783614024,-3.1882811949702905,SSE,55.94357067228049,-3.188166389940581,104.51014,338.5013
55.94357067228049,-3.188166389940581,ENE,55.9436854773102,-3.1878892260808276,168.52856,382.8663
55.9436854773102,-3.1878892260808276,ENE,55.94380028233991,-3.187612062221074,233.07642,463.1039
55.94380028233991,-3.187612062221074,SSW,55.94352311848015,-3.1877268672507837,233.07642,461.8539
55.94352311848015,-3.1877268672507837,S,55.94322311848015,-3.1877268672507837,284.56415,487.18686
55.94322311848015,-3.1877268672507837,SE,55.94301098644579,-3.187514735216428,284.56415,485.93686
55.94301098644579,-3.187514735216428,ESE,55.94289618141608,-3.1872375713566745,346.80756,494.61832
55.94289618141608,-3.1872375713566745,NNE,55.94317334527584,-3.187122766326965,346.80756,493.36832
55.94317334527584,-3.187122766326965,NE,55.943385477310194,-3.1869106342926092,346.80756,492.11832
55.943385477310194,-3.1869106342926092,ENE,55.943500282339905,-3.186633470432856,346.80756,490.86832
55.943500282339905,-3.186633470432856,NNE,55.94377744619966,-3.1865186654031463,346.80756,489.61832
55.94377744619966,-3.1865186654031463,N,55.944077446199664,-3.1865186654031463,469.43268,555.83026
55.944077446199664,-3.1865186654031463,ENE,55.944192251229374,-3.186241501543393,513.90295,604.4732
55.944192251229374,-3.186241501543393,SSE,55.94391508736962,-3.1861266965136834,513.90295,603.2232
55.94391508736962,-3.1861266965136834,ESE,55.94380028233991,-3.18584953265393,569.29663,653.1
55.94380028233991,-3.18584953265393,SSE,55.94352311848015,-3.1857347276242205,569.29663,651.85
55.94352311848015,-3.1857347276242205,SE,55.943310986445795,-3.1855225955898647,633.2889,717.1942
55.943310986445795,-3.1855225955898647,SSE,55.94303382258604,-3.185407790560155,633.2889,715.9442
55.94303382258604,-3.185407790560155,SW,55.94282169055168,-3.185619922594511,734.0366,831.84106
55.94282169055168,-3.185619922594511,ENE,55.94293649558139,-3.1853427587347576,821.64233,843.0823
55.94293649558139,-3.1853427587347576,N,55.943236495581395,-3.1853427587347576,821.64233,841.8323
55.943236495581395,-3.1853427587347576,ENE,55.943351300611106,-3.185065594875004,821.64233,840.5823
55.943351300611106,-3.185065594875004,N,55.94365130061111,-3.185065594875004,821.64233,839.3323
55.94365130061111,-3.185065594875004,N,55.94395130061111,-3.185065594875004,821.64233,838.0823
55.94395130061111,-3.185065594875004,N,55.944251300611114,-3.185065594875004,821.64233,836.8323
55.944251300611114,-3.185065594875004,N,55.94455130061112,-3.185065594875004,916.9178,896.16254
55.94455130061112,-3.185065594875004,NNE,55.94482846447087,-3.1849507898452947,955.3686,932.6088
55.94482846447087,-3.1849507898452947,ESE,55.94471365944116,-3.1846736259855413,965.35815,966.1513
55.94471365944116,-3.1846736259855413,WNW,55.94482846447087,-3.1849507898452947,965.35815,964.9013
55.94482846447087,-3.1849507898452947,WNW,55.944943269500584,-3.185227953705048,965.35815,963.6513
55.944943269500584,-3.185227953705048,WNW,55.945058074530294,-3.1855051175648015,965.35815,962.4013
55.945058074530294,-3.1855051175648015,WNW,55.945172879560005,-3.185782281424555,965.35815,961.1513
55.945172879560005,-3.185782281424555,NW,55.94538501159436,-3.1859944134589107,965.35815,959.9013
55.94538501159436,-3.1859944134589107,W,55.94538501159436,-3.186294413458911,965.35815,958.6513
55.94538501159436,-3.186294413458911,NW,55.94559714362872,-3.1865065454932666,965.35815,957.4013
55.94559714362872,-3.1865065454932666,WNW,55.94571194865843,-3.18678370935302,1035.3569,1008.5798
55.94571194865843,-3.18678370935302,WSW,55.94559714362872,-3.1870608732127734,1035.3569,1007.3298
55.94559714362872,-3.1870608732127734,W,55.94559714362872,-3.1873608732127736,1035.3569,1006.0798
55.94559714362872,-3.1873608732127736,WSW,55.94548233859901,-3.187638037072527,1035.3569,1004.8298
55.94548233859901,-3.187638037072527,W,55.94548233859901,-3.187938037072527,1035.3569,1003.5798
55.94548233859901,-3.187938037072527,WSW,55.945367533569296,-3.1882152009322806,1035.3569,1002.3298
55.945367533569296,-3.1882152009322806,W,55.945367533569296,-3.188515200932281,1035.3569,1001.0798
55.945367533569296,-3.188515200932281,WSW,55.945252728539586,-3.188792364792034,1087.2847,1048.1592
55.945252728539586,-3.188792364792034,SSW,55.94497556467983,-3.1889071698217437,1087.2847,1046.9092
55.94497556467983,-3.1889071698217437,SW,55.94476343264547,-3.1891193018560995,1087.2847,1045.6592
55.94476343264547,-3.1891193018560995,SSW,55.94448626878572,-3.189234106885809,1129.8284,1136.635
55.94448626878572,-3.189234106885809,W,55.94448626878572,-3.189534106885809,1129.8284,1135.385
55.94448626878572,-3.189534106885809,SW,55.94427413675136,-3.189746238920165,1241.3253,1190.5198
55.94427413675136,-3.189746238920165,S,55.94397413675136,-3.189746238920165,1241.3253,1189.2698
55.94397413675136,-3.189746238920165,S,55.943674136751355,-3.189746238920165,1303.946,1215.5448
55.943674136751355,-3.189746238920165,SSE,55.9433969728916,-3.1896314338904554,1305.9349,1269.4534
55.9433969728916,-3.1896314338904554,SW,55.94318484085724,-3.189843565924811,1305.9349,1268.2034
55.94318484085724,-3.189843565924811,WSW,55.94307003582753,-3.1901207297845646,1416.005,1291.5671
55.94307003582753,-3.1901207297845646,E,55.94307003582753,-3.1898207297845644,1487.9745,1327.9003
55.94307003582753,-3.1898207297845644,ESE,55.94295523079782,-3.189543565924811,1487.9745,1326.6503
55.94295523079782,-3.189543565924811,ENE,55.94307003582753,-3.1892664020650576,1554.1849,1392.404
55.94307003582753,-3.1892664020650576,NW,55.94328216786189,-3.1894785340994134,1554.1849,1391.154
55.94328216786189,-3.1894785340994134,NW,55.943494299896244,-3.189690666133769,1554.1849,1389.904
55.943494299896244,-3.189690666133769,NW,55.9437064319306,-3.189902798168125,1554.1849,1388.654
55.9437064319306,-3.189902798168125,NNW,55.94398359579036,-3.1900176031978345,1554.1849,1387.404
55.94398359579036,-3.1900176031978345,WNW,55.94409840082007,-3.190294767057588,1554.1849,1386.154
55.94409840082007,-3.190294767057588,WSW,55.94398359579036,-3.1905719309173413,1595.1707,1400.7192
55.94398359579036,-3.1905719309173413,NNE,55.94426075965011,-3.1904571258876318,1595.1707,1399.4692
55.94426075965011,-3.1904571258876318,N,55.944560759650116,-3.1904571258876318,1666.0004,1399.1494
55.944560759650116,-3.1904571258876318,WNW,55.94467556467983,-3.190734289747385,1666.0004,1397.8994
55.94467556467983,-3.190734289747385,WSW,55.944560759650116,-3.1910114536071386,1703.6267,1407.8025
55.944560759650116,-3.1910114536071386,SW,55.94434862761576,-3.1912235856414943,1703.6267,1406.5525
55.94434862761576,-3.1912235856414943,SSW,55.944071463756,-3.191338390671204,1825.2766,1437.9614
55.944071463756,-3.191338390671204,NNE,55.94434862761576,-3.1912235856414943,1825.2766,1436.7114
55.94434862761576,-3.1912235856414943,NNW,55.94462579147552,-3.191338390671204,1825.2766,1435.4614
55.94462579147552,-3.191338390671204,N,55.94492579147552,-3.191338390671204,1870.3638,1502.7915
55.94492579147552,-3.191338390671204,WSW,55.94481098644581,-3.1916155545309572,1870.3638,1501.5415
55.94481098644581,-3.1916155545309572,W,55.94481098644581,-3.1919155545309574,1870.3638,1500.2915
55.94481098644581,-3.1919155545309574,SW,55.94459885441145,-3.192127686565313,1979.0449,1532.4948
55.94459885441145,-3.192127686565313,N,55.944898854411456,-3.192127686565313,1979.0449,1531.2448
55.944898854411456,-3.192127686565313,NE,55.94511098644581,-3.1919155545309574,1979.0449,1529.9948
55.94511098644581,-3.1919155545309574,NNE,55.94538815030557,-3.191800749501248,1979.0449,1528.7448
55.94538815030557,-3.191800749501248,N,55.94568815030557,-3.191800749501248,1979.0449,1527.4948
55.94568815030557,-3.191800749501248,NNW,55.94596531416533,-3.1919155545309574,2011.7646,1541.1064
55.94596531416533,-3.1919155545309574,WNW,55.94608011919504,-3.192192718390711,2078.733,1598.2964
55.94608011919504,-3.192192718390711,E,55.94608011919504,-3.1918927183907106,2078.733,1597.0464
55.94608011919504,-3.1918927183907106,E,55.94608011919504,-3.1915927183907105,2078.733,1595.7964
55.94608011919504,-3.1915927183907105,E,55.94608011919504,-3.1912927183907103,2078.733,1594.5464
55.94608011919504,-3.1912927183907103,E,55.94608011919504,-3.19099271839071,2078.733,1593.2964
55.94608011919504,-3.19099271839071,E,55.94608011919504,-3.19069271839071,2078.733,1592.0464
55.94608011919504,-3.19069271839071,ESE,55.94596531416533,-3.1904155545309565,2078.733,1590.7964
55.94596531416533,-3.1904155545309565,E,55.94596531416533,-3.1901155545309563,2078.733,1589.5464
55.94596531416533,-3.1901155545309563,E,55.94596531416533,-3.189815554530956,2137.4636,1650.2521
55.94596531416533,-3.189815554530956,ESE,55.94585050913562,-3.1895383906712027,2137.4636,1649.0021
55.94585050913562,-3.1895383906712027,ESE,55.94573570410591,-3.1892612268114493,2137.4636,1647.7521
55.94573570410591,-3.1892612268114493,ESE,55.9456208990762,-3.188984062951696,2137.4636,1646.5021
55.9456208990762,-3.188984062951696,ESE,55.945506094046486,-3.1887068990919425,2137.4636,1645.2521
55.945506094046486,-3.1887068990919425,ESE,55.945391289016776,-3.188429735232189,2137.4636,1644.0021
55.945391289016776,-3.188429735232189,E,55.945391289016776,-3.188129735232189,2137.4636,1642.7521
55.945391289016776,-3.188129735232189,ESE,55.945276483987065,-3.1878525713724355,2137.4636,1641.5021
55.945276483987065,-3.1878525713724355,E,55.945276483987065,-3.1875525713724353,2137.4636,1640.2521
55.945276483987065,-3.1875525713724353,ESE,55.945161678957355,-3.187275407512682,2137.4636,1639.0021
55.945161678957355,-3.187275407512682,E,55.945161678957355,-3.1869754075126817,2137.4636,1637.7521
55.945161678957355,-3.1869754075126817,ESE,55.945046873927645,-3.1866982436529283,2137.4636,1636.5021
55.945046873927645,-3.1866982436529283,E,55.945046873927645,-3.186398243652928,2137.4636,1635.2521
55.945046873927645,-3.186398243652928,ESE,55.944932068897934,-3.1861210797931747,2137.4636,1634.0021
55.944932068897934,-3.1861210797931747,E,55.944932068897934,-3.1858210797931745,2137.4636,1632.7521
55.944932068897934,-3.1858210797931745,ESE,55.944817263868224,-3.185543915933421,2137.4636,1631.5021
55.944817263868224,-3.185543915933421,E,55.944817263868224,-3.185243915933421,2137.4636,1630.2521
55.944817263868224,-3.185243915933421,ESE,55.94470245883851,-3.1849667520736675,2137.4636,1629.0021
55.94470245883851,-3.1849667520736675,E,55.94470245883851,-3.1846667520736673,2137.4636,1627.7521
55.94470245883851,-3.1846667520736673,W,55.94470245883851,-3.1849667520736675,2137.4636,1626.5021
55.94470245883851,-3.1849667520736675,E,55.94470245883851,-3.1846667520736673,2137.4636,1625.2521
55.94470245883851,-3.1846667520736673,W,55.94470245883851,-3.1849667520736675,2137.4636,1624.0021
55.94470245883851,-3.1849667520736675,E,55.94470245883851,-3.1846667520736673,2137.4636,1622.7521
55.94470245883851,-3.1846667520736673,W,55.94470245883851,-3.1849667520736675,2137.4636,1621.5021
55.94470245883851,-3.1849667520736675,E,55.94470245883851,-3.1846667520736673,2137.4636,1620.2521
55.94470245883851,-3.1846667520736673,W,55.94470245883851,-3.1849667520736675,2137.4636,1619.0021
55.94470245883851,-3.1849667520736675,E,55.94470245883851,-3.1846667520736673,2137.4636,1617.7521
55.94470245883851,-3.1846667520736673,W,55.94470245883851,-3.1849667520736675,2137.4636,1616.5021
55.94470245883851,-3.1849667520736675,E,55.94470245883851,-3.1846667520736673,2137.4636,1615.2521
55.94470245883851,-3.1846667520736673,W,55.94470245883851,-3.1849667520736675,2137.4636,1614.0021
55.94470245883851,-3.1849667520736675,E,55.94470245883851,-3.1846667520736673,2137.4636,1612.7521
55.94470245883851,-3.1846667520736673,W,55.94470245883851,-3.1849667520736675,2137.4636,1611.5021
55.94470245883851,-3.1849667520736675,E,55.94470245883851,-3.1846667520736673,2137.4636,1610.2521
55.94470245883851,-3.1846667520736673,W,55.94470245883851,-3.1849667520736675,2137.4636,1609.0021
55.94470245883851,-3.1849667520736675,E,55.94470245883851,-3.1846667520736673,2137.4636,1607.7521
55.94470245883851,-3.1846667520736673,W,55.94470245883851,-3.1849667520736675,2137.4636,1606.5021
55.94470245883851,-3.1849667520736675,E,55.94470245883851,-3.1846667520736673,2137.4636,1605.2521
55.94470245883851,-3.1846667520736673,W,55.94470245883851,-3.1849667520736675,2137.4636,1604.0021
55.94470245883851,-3.1849667520736675,E,55.94470245883851,-3.1846667520736673,2137.4636,1602.7521
55.94470245883851,-3.1846667520736673,W,55.94470245883851,-3.1849667520736675,2137.4636,1601.5021
55.94470245883851,-3.1849667520736675,E,55.94470245883851,-3.1846667520736673,2137.4636,1600.2521
55.94470245883851,-3.1846667520736673,W,55.94470245883851,-3.1849667520736675,2137.4636,1599.0021
55.94470245883851,-3.1849667520736675,E,55.94470245883851,-3.1846667520736673,2137.4636,1597.7521
55.94470245883851,-3.1846667520736673,W,55.94470245883851,-3.1849667520736675,2137.4636,1596.5021
55.94470245883851,-3.1849667520736675,E,55.94470245883851,-3.1846667520736673,2137.4636,1595.2521
55.94470245883851,-3.1846667520736673,W,55.94470245883851,-3.1849667520736675,2137.4636,1594.0021
55.94470245883851,-3.1849667520736675,E,55.94470245883851,-3.1846667520736673,2137.4636,1592.7521
55.94470245883851,-3.1846667520736673,W,55.94470245883851,-3.1849667520736675,2137.4636,1591.5021
55.94470245883851,-3.1849667520736675,E,55.94470245883851,-3.1846667520736673,2137.4636,1590.2521
55.94470245883851,-3.1846667520736673,W,55.94470245883851,-3.1849667520736675,2137.4636,1589.0021
55.94470245883851,-3.1849667520736675,E,55.94470245883851,-3.1846667520736673,2137.4636,1587.7521
55.94470245883851,-3.1846667520736673,W,55.94470245883851,-3.1849667520736675,2137.4636,1586.5021
55.94470245883851,-3.1849667520736675,E,55.94470245883851,-3.1846667520736673,2137.4636,1585.2521
55.94470245883851,-3.1846667520736673,W,55.94470245883851,-3.1849667520736675,2137.4636,1584.0021
55.94470245883851,-3.1849667520736675,E,55.94470245883851,-3.1846667520736673,2137.4636,1582.7521
55.94470245883851,-3.1846667520736673,W,55.94470245883851,-3.1849667520736675,2137.4636,1581.5021
55.94470245883851,-3.1849667520736675,E,55.94470245883851,-3.1846667520736673,2137.4636,1580.2521
55.94470245883851,-3.1846667520736673,W,55.94470245883851,-3.1849667520736675,2137.4636,1579.0021
55.94470245883851,-3.1849667520736675,E,55.94470245883851,-3.1846667520736673,2137.4636,1577.7521
55.94470245883851,-3.1846667520736673,W,55.94470245883851,-3.1849667520736675,2137.4636,1576.5021
55.94470245883851,-3.1849667520736675,E,55.94470245883851,-3.1846667520736673,2137.4636,1575.2521
55.94470245883851,-3.1846667520736673,W,55.94470245883851,-3.1849667520736675,2137.4636,1574.0021
55.94470245883851,-3.1849667520736675,E,55.94470245883851,-3.1846667520736673,2137.4636,1572.7521
55.94470245883851,-3.1846667520736673,W,55.94470245883851,-3.1849667520736675,2137.4636,1571.5021
55.94470245883851,-3.1849667520736675,E,55.94470245883851,-3.1846667520736673,2137.4636,1570.2521
55.94470245883851,-3.1846667520736673,W,55.94470245883851,-3.1849667520736675,2137.4636,1569.0021
55.94470245883851,-3.1849667520736675,E,55.94470245883851,-3.1846667520736673,2137.4636,1567.7521
55.94470245883851,-3.1846667520736673,W,55.94470245883851,-3.1849667520736675,2137.4636,1566.5021
55.94470245883851,-3.1849667520736675,E,55.94470245883851,-3.1846667520736673,2137.4636,1565.2521
55.94470245883851,-3.1846667520736673,W,55.94470245883851,-3.1849667520736675,2137.4636,1564.0021
55.94470245883851,-3.1849667520736675,E,55.94470245883851,-3.1846667520736673,2137.4636,1562.7521
55.94470245883851,-3.1846667520736673,W,55.94470245883851,-3.1849667520736675,2137.4636,1561.5021
55.94470245883851,-3.1849667520736675,E,55.94470245883851,-3.1846667520736673,2137.4636,1560.2521
55.94470245883851,-3.1846667520736673,W,55.94470245883851,-3.1849667520736675,2137.4636,1559.0021
55.94470245883851,-3.1849667520736675,E,55.94470245883851,-3.1846667520736673,2137.4636,1557.7521
55.94470245883851,-3.1846667520736673,W,55.94470245883851,-3.1849667520736675,2137.4636,1556.5021
55.94470245883851,-3.1849667520736675,E,55.94470245883851,-3.1846667520736673,2137.4636,1555.2521
55.94470245883851,-3.1846667520736673,W,55.94470245883851,-3.1849667520736675,2137.4636,1554.0021
55.94470245883851,-3.1849667520736675,E,55.94470245883851,-3.1846667520736673,2137.4636,1552.7521
55.94470245883851,-3.1846667520736673,W,55.94470245883851,-3.1849667520736675,2137.4636,1551.5021
55.94470245883851,-3.1849667520736675,E,55.94470245883851,-3.1846667520736673,2137.4636,1550.2521
55.94470245883851,-3.1846667520736673,W,55.94470245883851,-3.1849667520736675,2137.4636,1549.0021
55.94470245883851,-3.1849667520736675,E,55.94470245883851,-3.1846667520736673,2137.4636,1547.7521
55.94470245883851,-3.1846667520736673,W,55.94470245883851,-3.1849667520736675,2137.4636,1546.5021
55.94470245883851,-3.1849667520736675,E,55.94470245883851,-3.1846667520736673,2137.4636,1545.2521
55.94470245883851,-3.1846667520736673,W,55.94470245883851,-3.1849667520736675,2137.4636,1544.0021
55.94470245883851,-3.1849667520736675,E,55.94470245883851,-3.1846667520736673,2137.4636,1542.7521
55.94470245883851,-3.1846667520736673,W,55.94470245883851,-3.1849667520736675,2137.4636,1541.5021
55.94470245883851,-3.1849667520736675,E,55.94470245883851,-3.1846667520736673,2137.4636,1540.2521
55.94470245883851,-3.1846667520736673,W,55.94470245883851,-3.1849667520736675,2137.4636,1539.0021
55.94470245883851,-3.1849667520736675,E,55.94470245883851,-3.1846667520736673,2137.4636,1537.7521
55.94470245883851,-3.1846667520736673,W,55.94470245883851,-3.1849667520736675,2137.4636,1536.5021
55.94470245883851,-3.1849667520736675,E,55.94470245883851,-3.1846667520736673,2137.4636,1535.2521
55.94470245883851,-3.1846667520736673,W,55.94470245883851,-3.1849667520736675,2137.4636,1534.0021
55.94470245883851,-3.1849667520736675,E,55.94470245883851,-3.1846667520736673,2137.4636,1532.7521
55.94470245883851,-3.1846667520736673,W,55.94470245883851,-3.1849667520736675,2137.4636,1531.5021
55.94470245883851,-3.1849667520736675,E,55.94470245883851,-3.1846667520736673,2137.4636,1530.2521
55.94470245883851,-3.1846667520736673,W,55.94470245883851,-3.1849667520736675,2137.4636,1529.0021
55.94470245883851,-3.1849667520736675,E,55.94470245883851,-3.1846667520736673,2137.4636,1527.7521
55.94470245883851,-3.1846667520736673,W,55.94470245883851,-3.1849667520736675,2137.4636,1526.5021
55.94470245883851,-3.1849667520736675,E,55.94470245883851,-3.1846667520736673,2137.4636,1525.2521
55.94470245883851,-3.1846667520736673,W,55.94470245883851,-3.1849667520736675,2137.4636,1524.0021
55.94470245883851,-3.1849667520736675,E,55.94470245883851,-3.1846667520736673,2137.4636,1522.7521
55.94470245883851,-3.1846667520736673,W,55.94470245883851,-3.1849667520736675,2137.4636,1521.5021
55.94470245883851,-3.1849667520736675,E,55.94470245883851,-3.1846667520736673,2137.4636,1520.2521
55.94470245883851,-3.1846667520736673,W,55.94470245883851,-3.1849667520736675,2137.4636,1519.0021
55.94470245883851,-3.1849667520736675,E,55.94470245883851,-3.1846667520736673,2137.4636,1517.7521
55.94470245883851,-3.1846667520736673,W,55.94470245883851,-3.1849667520736675,2137.4636,1516.5021
55.94470245883851,-3.1849667520736675,E,55.94470245883851,-3.1846667520736673,2137.4636,1515.2521
55.94470245883851,-3.1846667520736673,W,55.94470245883851,-3.1849667520736675,2137.4636,1514.0021
55.94470245883851,-3.1849667520736675,E,55.94470245883851,-3.1846667520736673,2137.4636,1512.7521
55.94470245883851,-3.1846667520736673,W,55.94470245883851,-3.1849667520736675,2137.4636,1511.5021
55.94470245883851,-3.1849667520736675,E,55.94470245883851,-3.1846667520736673,2137.4636,1510.2521
55.94470245883851,-3.1846667520736673,W,55.94470245883851,-3.1849667520736675,2137.4636,1509.0021
55.94470245883851,-3.1849667520736675,E,55.94470245883851,-3.1846667520736673,2137.4636,1507.7521
55.94470245883851,-3.1846667520736673,W,55.94470245883851,-3.1849667520736675,2137.4636,1506.5021
55.94470245883851,-3.1849667520736675,E,55.94470245883851,-3.1846667520736673,2137.4636,1505.2521
55.94470245883851,-3.1846667520736673,W,55.94470245883851,-3.1849667520736675,2137.4636,1504.0021
55.94470245883851,-3.1849667520736675,E,55.94470245883851,-3.1846667520736673,2137.4636,1502.7521
55.94470245883851,-3.1846667520736673,W,55.94470245883851,-3.1849667520736675,2137.4636,1501.5021
55.94470245883851,-3.1849667520736675,E,55.94470245883851,-3.1846667520736673,2137.4636,1500.2521
55.94470245883851,-3.1846667520736673,W,55.94470245883851,-3.1849667520736675,2137.4636,1499.0021
55.94470245883851,-3.1849667520736675,E,55.94470245883851,-3.1846667520736673,2137.4636,1497.7521
55.94470245883851,-3.1846667520736673,W,55.94470245883851,-3.1849667520736675,2137.4636,1496.5021
55.94470245883851,-3.1849667520736675,E,55.94470245883851,-3.1846667520736673,2137.4636,1495.2521
55.94470245883851,-3.1846667520736673,W,55.94470245883851,-3.1849667520736675,2137.4636,1494.0021
55.94470245883851,-3.1849667520736675,E,55.94470245883851,-3.1846667520736673,2137.4636,1492.7521
55.94470245883851,-3.1846667520736673,W,55.94470245883851,-3.1849667520736675,2137.4636,1491.5021
55.94470245883851,-3.1849667520736675,E,55.94470245883851,-3.1846667520736673,2137.4636,1490.2521
55.94470245883851,-3.1846667520736673,W,55.94470245883851,-3.1849667520736675,2137.4636,1489.0021
55.94470245883851,-3.1849667520736675,E,55.94470245883851,-3.1846667520736673,2137.4636,1487.7521
55.94470245883851,-3.1846667520736673,W,55.94470245883851,-3.1849667520736675,2137.4636,1486.5021
55.94470245883851,-3.1849667520736675,E,55.94470245883851,-3.1846667520736673,2137.4636,1485.2521
55.94470245883851,-3.1846667520736673,W,55.94470245883851,-3.1849667520736675,2137.4636,1484.0021
55.94470245883851,-3.1849667520736675,E,55.94470245883851,-3.1846667520736673,2137.4636,1482.7521
55.94470245883851,-3.1846667520736673,W,55.94470245883851,-3.1849667520736675,2137.4636,1481.5021
55.94470245883851,-3.1849667520736675,E,55.94470245883851,-3.1846667520736673,2137.4636,1480.2521
55.94470245883851,-3.1846667520736673,W,55.94470245883851,-3.1849667520736675,2137.4636,1479.0021
55.94470245883851,-3.1849667520736675,E,55.94470245883851,-3.1846667520736673,2137.4636,1477.7521
55.94470245883851,-3.1846667520736673,W,55.94470245883851,-3.1849667520736675,2137.4636,1476.5021
55.94470245883851,-3.1849667520736675,E,55.94470245883851,-3.1846667520736673,2137.4636,1475.2521
55.94470245883851,-3.1846667520736673,W,55.94470245883851,-3.1849667520736675,2137.4636,1474.0021
55.94470245883851,-3.1849667520736675,E,55.94470245883851,-3.1846667520736673,2137.4636,1472.7521
55.94470245883851,-3.1846667520736673,W,55.94470245883851,-3.1849667520736675,2137.4636,1471.5021
55.94470245883851,-3.1849667520736675,E,55.94470245883851,-3.1846667520736673,2137.4636,1470.2521
55.94470245883851,-3.1846667520736673,W,55.94470245883851,-3.1849667520736675,2137.4636,1469.0021
55.94470245883851,-3.1849667520736675,E,55.94470245883851,-3.1846667520736673,2137.4636,1467.7521
55.94470245883851,-3.1846667520736673,W,55.94470245883851,-3.1849667520736675,2137.4636,1466.5021
55.94470245883851,-3.1849667520736675,E,55.94470245883851,-3.1846667520736673,2137.4636,1465.2521
55.94470245883851,-3.1846667520736673,W,55.94470245883851,-3.1849667520736675,2137.4636,1464.0021
55.94470245883851,-3.1849667520736675,E,55.94470245883851,-3.1846667520736673,2137.4636,1462.7521
55.94470245883851,-3.1846667520736673,W,55.94470245883851,-3.1849667520736675,2137.4636,1461.5021
55.94470245883851,-3.1849667520736675,E,55.94470245883851,-3.1846667520736673,2137.4636,1460.2521
55.94470245883851,-3.1846667520736673,W,55.94470245883851,-3.1849667520736675,2137.4636,1459.0021
55.94470245883851,-3.1849667520736675,E,55.94470245883851,-3.1846667520736673,2137.4636,1457.7521
55.94470245883851,-3.1846667520736673,W,55.94470245883851,-3.1849667520736675,2137.4636,1456.5021
55.94470245883851,-3.1849667520736675,E,55.94470245883851,-3.1846667520736673,2137.4636,1455.2521
55.94470245883851,-3.1846667520736673,W,55.94470245883851,-3.1849667520736675,2137.4636,1454.0021
55.94470245883851,-3.1849667520736675,E,55.94470245883851,-3.1846667520736673,2137.4636,1452.7521
55.94470245883851,-3.1846667520736673,W,55.94470245883851,-3.1849667520736675,2137.4636,1451.5021
55.94470245883851,-3.1849667520736675,E,55.94470245883851,-3.1846667520736673,2137.4636,1450.2521
