55.944425,-3.188396,SSE,55.944147836140246,-3.1882811949702905,73.36938705202775,326.07883673508763
55.944147836140246,-3.1882811949702905,NNW,55.944425,-3.188396,73.36938705202775,324.82883673508763
55.944425,-3.188396,SSE,55.944147836140246,-3.1882811949702905,73.36938705202775,323.57883673508763
55.944147836140246,-3.1882811949702905,SW,55.94393570410589,-3.1884933270046463,73.36938705202775,322.32883673508763
55.94393570410589,-3.1884933270046463,E,55.94393570410589,-3.188193327004646,73.36938705202775,321.07883673508763
55.94393570410589,-3.188193327004646,W,55.94393570410589,-3.1884933270046463,73.36938705202775,319.82883673508763
55.94393570410589,-3.1884933270046463,WSW,55.94382089907618,-3.1887704908643997,73.36938705202775,318.57883673508763
55.94382089907618,-3.1887704908643997,SSW,55.94354373521642,-3.188885295894109,130.0079472706648,400.9908781071255
55.94354373521642,-3.188885295894109,SE,55.94333160318207,-3.1886731638597534,130.0079472706648,399.7408781071255
55.94333160318207,-3.1886731638597534,N,55.94363160318207,-3.1886731638597534,130.0079472706648,398.4908781071255
55.94363160318207,-3.1886731638597534,NNW,55.943908767041826,-3.188787968889463,130.0079472706648,397.2408781071255
55.943908767041826,-3.188787968889463,NE,55.94412089907618,-3.188575836855107,130.0079472706648,395.9908781071255
55.94412089907618,-3.188575836855107,SW,55.943908767041826,-3.188787968889463,130.0079472706648,394.7408781071255
55.943908767041826,-3.188787968889463,SE,55.94369663500747,-3.188575836855107,130.0079472706648,393.4908781071255
55.94369663500747,-3.188575836855107,ENE,55.94381144003718,-3.1882986729953537,130.0079472706648,392.2408781071255
55.94381144003718,-3.1882986729953537,SSW,55.943534276177424,-3.1884134780250633,130.0079472706648,390.9908781071255
55.943534276177424,-3.1884134780250633,SSW,55.94325711231767,-3.1885282830547728,130.0079472706648,389.7408781071255
55.94325711231767,-3.1885282830547728,ESE,55.94314230728796,-3.1882511191950194,130.0079472706648,388.4908781071255
55.94314230728796,-3.1882511191950194,SE,55.9429301752536,-3.1880389871606636,130.0079472706648,387.2408781071255
55.9429301752536,-3.1880389871606636,W,55.9429301752536,-3.1883389871606638,130.0079472706648,385.9908781071255
55.9429301752536,-3.1883389871606638,S,55.9426301752536,-3.1883389871606638,130.0079472706648,384.7408781071255
55.9426301752536,-3.1883389871606638,NW,55.942842307287954,-3.1885511191950195,130.0079472706648,383.4908781071255
55.942842307287954,-3.1885511191950195,SW,55.9426301752536,-3.1887632512293753,130.0079472706648,382.2408781071255
55.9426301752536,-3.1887632512293753,WNW,55.94274498028331,-3.1890404150891287,130.0079472706648,380.9908781071255
55.94274498028331,-3.1890404150891287,NE,55.942957112317664,-3.188828283054773,130.0079472706648,379.7408781071255
55.942957112317664,-3.188828283054773,ENE,55.943071917347375,-3.1885511191950195,130.0079472706648,378.4908781071255
55.943071917347375,-3.1885511191950195,W,55.943071917347375,-3.1888511191950197,130.0079472706648,377.2408781071255
55.943071917347375,-3.1888511191950197,ENE,55.943186722377085,-3.1885739553352663,130.0079472706648,375.9908781071255
55.943186722377085,-3.1885739553352663,SE,55.94297459034273,-3.1883618233009106,130.0079472706648,374.7408781071255
55.94297459034273,-3.1883618233009106,ESE,55.94285978531302,-3.188084659441157,130.0079472706648,373.4908781071255
55.94285978531302,-3.188084659441157,NE,55.943071917347375,-3.1878725274068014,130.0079472706648,372.2408781071255
55.943071917347375,-3.1878725274068014,SSW,55.94279475348762,-3.187987332436511,130.0079472706648,370.9908781071255
55.94279475348762,-3.187987332436511,N,55.94309475348762,-3.187987332436511,130.0079472706648,369.7408781071255
55.94309475348762,-3.187987332436511,E,55.94309475348762,-3.1876873324365107,130.0079472706648,368.4908781071255
55.94309475348762,-3.1876873324365107,SSE,55.942817589627865,-3.187572527406801,130.0079472706648,367.2408781071255
55.942817589627865,-3.187572527406801,ESE,55.942702784598154,-3.187295363547048,130.0079472706648,365.9908781071255
55.942702784598154,-3.187295363547048,ENE,55.942817589627865,-3.1870181996872944,154.03460232867968,481.83760376786086
55.942817589627865,-3.1870181996872944,W,55.942817589627865,-3.1873181996872946,154.03460232867968,480.58760376786086
55.942817589627865,-3.1873181996872946,N,55.94311758962787,-3.1873181996872946,154.03460232867968,479.33760376786086
55.94311758962787,-3.1873181996872946,W,55.94311758962787,-3.1876181996872948,154.03460232867968,478.08760376786086
55.94311758962787,-3.1876181996872948,SSE,55.94284042576811,-3.1875033946575853,154.03460232867968,476.83760376786086
55.94284042576811,-3.1875033946575853,NE,55.94305255780247,-3.1872912626232295,154.03460232867968,475.58760376786086
55.94305255780247,-3.1872912626232295,N,55.94335255780247,-3.1872912626232295,154.03460232867968,474.33760376786086
55.94335255780247,-3.1872912626232295,S,55.94305255780247,-3.1872912626232295,154.03460232867968,473.08760376786086
55.94305255780247,-3.1872912626232295,NNW,55.943329721662224,-3.187406067652939,154.03460232867968,471.83760376786086
55.943329721662224,-3.187406067652939,SE,55.94311758962787,-3.187193935618583,154.03460232867968,470.58760376786086
55.94311758962787,-3.187193935618583,S,55.942817589627865,-3.187193935618583,154.03460232867968,469.33760376786086
55.942817589627865,-3.187193935618583,WNW,55.942932394657575,-3.1874710994783366,154.03460232867968,468.08760376786086
55.942932394657575,-3.1874710994783366,W,55.942932394657575,-3.187771099478337,154.03460232867968,466.83760376786086
55.942932394657575,-3.187771099478337,SE,55.94272026262322,-3.187558967443981,154.03460232867968,465.58760376786086
55.94272026262322,-3.187558967443981,ENE,55.94283506765293,-3.1872818035842276,154.03460232867968,464.33760376786086
55.94283506765293,-3.1872818035842276,NW,55.943047199687285,-3.1874939356185834,154.03460232867968,463.08760376786086
55.943047199687285,-3.1874939356185834,E,55.943047199687285,-3.187193935618583,154.03460232867968,461.83760376786086
55.943047199687285,-3.187193935618583,NE,55.94325933172164,-3.1869818035842274,154.03460232867968,460.58760376786086
55.94325933172164,-3.1869818035842274,E,55.94325933172164,-3.1866818035842273,154.03460232867968,459.33760376786086
55.94325933172164,-3.1866818035842273,SE,55.943047199687285,-3.1864696715498715,154.03460232867968,458.08760376786086
55.943047199687285,-3.1864696715498715,SE,55.94283506765293,-3.1862575395155157,154.03460232867968,456.83760376786086
55.94283506765293,-3.1862575395155157,NNE,55.943112231512686,-3.186142734485806,154.03460232867968,455.58760376786086
55.943112231512686,-3.186142734485806,S,55.94281223151268,-3.186142734485806,154.03460232867968,454.33760376786086
55.94281223151268,-3.186142734485806,NE,55.94302436354704,-3.1859306024514504,154.03460232867968,453.08760376786086
55.94302436354704,-3.1859306024514504,ENE,55.94313916857675,-3.185653438591697,189.17424686342116,512.1788538857903
55.94313916857675,-3.185653438591697,E,55.94313916857675,-3.185353438591697,189.17424686342116,510.9288538857903
55.94313916857675,-3.185353438591697,W,55.94313916857675,-3.185653438591697,189.17424686342116,509.6788538857903
55.94313916857675,-3.185653438591697,E,55.94313916857675,-3.185353438591697,189.17424686342116,508.4288538857903
55.94313916857675,-3.185353438591697,ESE,55.94302436354704,-3.1850762747319434,189.17424686342116,507.1788538857903
55.94302436354704,-3.1850762747319434,WNW,55.94313916857675,-3.185353438591697,189.17424686342116,505.9288538857903
55.94313916857675,-3.185353438591697,E,55.94313916857675,-3.1850534385916967,189.17424686342116,504.6788538857903
55.94313916857675,-3.1850534385916967,SSW,55.94286200471699,-3.185168243621406,189.17424686342116,503.4288538857903
55.94286200471699,-3.185168243621406,NNE,55.94313916857675,-3.1850534385916967,189.17424686342116,502.1788538857903
55.94313916857675,-3.1850534385916967,NNW,55.943416332436506,-3.185168243621406,189.17424686342116,500.9288538857903
55.943416332436506,-3.185168243621406,NNW,55.94369349629626,-3.1852830486511157,189.17424686342116,499.6788538857903
55.94369349629626,-3.1852830486511157,WSW,55.94357869126655,-3.185560212510869,266.38933195073025,507.58457599286544
55.94357869126655,-3.185560212510869,SW,55.943366559232196,-3.185772344545225,266.38933195073025,506.33457599286544
55.943366559232196,-3.185772344545225,NNW,55.94364372309195,-3.1858871495749344,266.38933195073025,505.08457599286544
55.94364372309195,-3.1858871495749344,NNW,55.94392088695171,-3.186001954604644,266.38933195073025,503.83457599286544
55.94392088695171,-3.186001954604644,WSW,55.943806081922,-3.1862791184643973,298.05103535001535,582.1559417189122
55.943806081922,-3.1862791184643973,E,55.943806081922,-3.185979118464397,298.05103535001535,580.9059417189122
55.943806081922,-3.185979118464397,W,55.943806081922,-3.1862791184643973,298.05103535001535,579.6559417189122
55.943806081922,-3.1862791184643973,NNW,55.944083245781755,-3.1863939234941068,298.05103535001535,578.4059417189122
55.944083245781755,-3.1863939234941068,WSW,55.943968440752045,-3.18667108735386,408.6600044943214,648.5674531368595
55.943968440752045,-3.18667108735386,S,55.94366844075204,-3.18667108735386,408.6600044943214,647.3174531368595
55.94366844075204,-3.18667108735386,SSW,55.943391276892285,-3.1867858923835697,408.6600044943214,646.0674531368595
55.943391276892285,-3.1867858923835697,WSW,55.943276471862575,-3.187063056243323,408.6600044943214,644.8174531368595
55.943276471862575,-3.187063056243323,SE,55.94306433982822,-3.1868509242089673,408.6600044943214,643.5674531368595
55.94306433982822,-3.1868509242089673,E,55.94306433982822,-3.186550924208967,408.6600044943214,642.3174531368595
55.94306433982822,-3.186550924208967,NNE,55.943341503687975,-3.1864361191792576,408.6600044943214,641.0674531368595
55.943341503687975,-3.1864361191792576,ESE,55.943226698658265,-3.186158955319504,408.6600044943214,639.8174531368595
55.943226698658265,-3.186158955319504,ENE,55.943341503687975,-3.185881791459751,408.6600044943214,638.5674531368595
55.943341503687975,-3.185881791459751,SSE,55.94306433982822,-3.1857669864300413,408.6600044943214,637.3174531368595
55.94306433982822,-3.1857669864300413,E,55.94306433982822,-3.185466986430041,408.6600044943214,636.0674531368595
55.94306433982822,-3.185466986430041,WSW,55.94294953479851,-3.1857441502897945,408.6600044943214,634.8174531368595
55.94294953479851,-3.1857441502897945,SE,55.94273740276415,-3.1855320182554387,408.6600044943214,633.5674531368595
55.94273740276415,-3.1855320182554387,E,55.94273740276415,-3.1852320182554386,408.6600044943214,632.3174531368595
55.94273740276415,-3.1852320182554386,NNW,55.94301456662391,-3.185346823285148,408.6600044943214,631.0674531368595
55.94301456662391,-3.185346823285148,NNW,55.943291730483665,-3.1854616283148576,408.6600044943214,629.8174531368595
55.943291730483665,-3.1854616283148576,SE,55.94307959844931,-3.185249496280502,408.6600044943214,628.5674531368595
55.94307959844931,-3.185249496280502,SSW,55.94280243458955,-3.1853643013102113,408.6600044943214,627.3174531368595
55.94280243458955,-3.1853643013102113,WSW,55.94268762955984,-3.1856414651699647,408.6600044943214,626.0674531368595
55.94268762955984,-3.1856414651699647,E,55.94268762955984,-3.1853414651699645,408.6600044943214,624.8174531368595
55.94268762955984,-3.1853414651699645,NW,55.9428997615942,-3.1855535972043203,408.6600044943214,623.5674531368595
55.9428997615942,-3.1855535972043203,SW,55.94268762955984,-3.185765729238676,408.6600044943214,622.3174531368595
55.94268762955984,-3.185765729238676,E,55.94268762955984,-3.185465729238676,408.6600044943214,621.0674531368595
55.94268762955984,-3.185465729238676,WNW,55.94280243458955,-3.1857428930984293,408.6600044943214,619.8174531368595
55.94280243458955,-3.1857428930984293,E,55.94280243458955,-3.185442893098429,408.6600044943214,618.5674531368595
55.94280243458955,-3.185442893098429,ESE,55.94268762955984,-3.1851657292386757,408.6600044943214,617.3174531368595
55.94268762955984,-3.1851657292386757,ENE,55.94280243458955,-3.1848885653789223,408.6600044943214,616.0674531368595
55.94280243458955,-3.1848885653789223,ESE,55.94268762955984,-3.184611401519169,408.6600044943214,614.8174531368595
55.94268762955984,-3.184611401519169,WNW,55.94280243458955,-3.1848885653789223,408.6600044943214,613.5674531368595
55.94280243458955,-3.1848885653789223,ESE,55.94268762955984,-3.184611401519169,408.6600044943214,612.3174531368595
55.94268762955984,-3.184611401519169,W,55.94268762955984,-3.184911401519169,408.6600044943214,611.0674531368595
55.94268762955984,-3.184911401519169,NW,55.9428997615942,-3.185123533553525,408.6600044943214,609.8174531368595
55.9428997615942,-3.185123533553525,N,55.9431997615942,-3.185123533553525,408.6600044943214,608.5674531368595
55.9431997615942,-3.185123533553525,NW,55.94341189362856,-3.1853356655878806,408.6600044943214,607.3174531368595
55.94341189362856,-3.1853356655878806,NW,55.94362402566291,-3.1855477976222364,408.6600044943214,606.0674531368595
55.94362402566291,-3.1855477976222364,SSW,55.94334686180316,-3.185662602651946,408.6600044943214,604.8174531368595
55.94334686180316,-3.185662602651946,SSE,55.9430696979434,-3.1855477976222364,408.6600044943214,603.5674531368595
55.9430696979434,-3.1855477976222364,S,55.9427696979434,-3.1855477976222364,408.6600044943214,602.3174531368595
55.9427696979434,-3.1855477976222364,E,55.9427696979434,-3.185247797622236,408.6600044943214,601.0674531368595
55.9427696979434,-3.185247797622236,N,55.9430696979434,-3.185247797622236,408.6600044943214,599.8174531368595
55.9430696979434,-3.185247797622236,ESE,55.94295489291369,-3.184970633762483,408.6600044943214,598.5674531368595
55.94295489291369,-3.184970633762483,SSE,55.94267772905393,-3.1848558287327733,408.6600044943214,597.3174531368595
55.94267772905393,-3.1848558287327733,E,55.94267772905393,-3.184555828732773,408.6600044943214,596.0674531368595
55.94267772905393,-3.184555828732773,NE,55.94288986108829,-3.1843436966984173,408.6600044943214,594.8174531368595
55.94288986108829,-3.1843436966984173,W,55.94288986108829,-3.1846436966984175,408.6600044943214,593.5674531368595
55.94288986108829,-3.1846436966984175,NNW,55.943167024948046,-3.184758501728127,408.6600044943214,592.3174531368595
55.943167024948046,-3.184758501728127,S,55.94286702494804,-3.184758501728127,408.6600044943214,591.0674531368595
55.94286702494804,-3.184758501728127,ESE,55.94275221991833,-3.1844813378683736,408.6600044943214,589.8174531368595
55.94275221991833,-3.1844813378683736,W,55.94275221991833,-3.184781337868374,408.6600044943214,588.5674531368595
55.94275221991833,-3.184781337868374,NE,55.94296435195269,-3.184569205834018,408.6600044943214,587.3174531368595
55.94296435195269,-3.184569205834018,NW,55.943176483987045,-3.184781337868374,408.6600044943214,586.0674531368595
55.943176483987045,-3.184781337868374,SW,55.94296435195269,-3.1849934699027296,408.6600044943214,584.8174531368595
55.94296435195269,-3.1849934699027296,NNE,55.943241515812446,-3.18487866487302,408.6600044943214,583.5674531368595
55.943241515812446,-3.18487866487302,S,55.94294151581244,-3.18487866487302,408.6600044943214,582.3174531368595
55.94294151581244,-3.18487866487302,ESE,55.94282671078273,-3.1846015010132667,408.6600044943214,581.0674531368595
55.94282671078273,-3.1846015010132667,ESE,55.94271190575302,-3.1843243371535133,408.6600044943214,579.8174531368595
55.94271190575302,-3.1843243371535133,WNW,55.94282671078273,-3.1846015010132667,408.6600044943214,578.5674531368595
55.94282671078273,-3.1846015010132667,NW,55.94303884281709,-3.1848136330476224,408.6600044943214,577.3174531368595
55.94303884281709,-3.1848136330476224,NE,55.943250974851445,-3.1846015010132667,408.6600044943214,576.0674531368595
55.943250974851445,-3.1846015010132667,N,55.94355097485145,-3.1846015010132667,408.6600044943214,574.8174531368595
55.94355097485145,-3.1846015010132667,N,55.94385097485145,-3.1846015010132667,494.5358016161705,649.5821695142989
55.94385097485145,-3.1846015010132667,NW,55.94406310688581,-3.1848136330476224,494.5358016161705,648.3321695142989
55.94406310688581,-3.1848136330476224,N,55.94436310688581,-3.1848136330476224,494.5358016161705,647.0821695142989
55.94436310688581,-3.1848136330476224,SSE,55.94408594302605,-3.184698828017913,494.5358016161705,645.8321695142989
55.94408594302605,-3.184698828017913,N,55.944385943026056,-3.184698828017913,494.5358016161705,644.5821695142989
55.944385943026056,-3.184698828017913,WNW,55.944500748055766,-3.1849759918776663,494.5358016161705,643.3321695142989
55.944500748055766,-3.1849759918776663,WSW,55.944385943026056,-3.1852531557374197,494.5358016161705,642.0821695142989
55.944385943026056,-3.1852531557374197,WNW,55.944500748055766,-3.185530319597173,494.5358016161705,640.8321695142989
55.944500748055766,-3.185530319597173,WSW,55.944385943026056,-3.1858074834569265,494.5358016161705,639.5821695142989
55.944385943026056,-3.1858074834569265,SW,55.9441738109917,-3.1860196154912823,494.5358016161705,638.3321695142989
55.9441738109917,-3.1860196154912823,NW,55.944385943026056,-3.186231747525638,494.5358016161705,637.0821695142989
55.944385943026056,-3.186231747525638,NW,55.94459807506041,-3.186443879559994,494.5358016161705,635.8321695142989
55.94459807506041,-3.186443879559994,SE,55.944385943026056,-3.186231747525638,494.5358016161705,634.5821695142989
55.944385943026056,-3.186231747525638,NW,55.94459807506041,-3.186443879559994,494.5358016161705,633.3321695142989
55.94459807506041,-3.186443879559994,SSE,55.944320911200656,-3.1863290745302844,494.5358016161705,632.0821695142989
55.944320911200656,-3.1863290745302844,N,55.94462091120066,-3.1863290745302844,494.5358016161705,630.8321695142989
55.94462091120066,-3.1863290745302844,NE,55.944833043235015,-3.1861169424959286,510.25462616629414,722.8741829635496
55.944833043235015,-3.1861169424959286,N,55.94513304323502,-3.1861169424959286,616.5740186929183,738.7506435802051
55.94513304323502,-3.1861169424959286,NNE,55.945410207094774,-3.186002137466219,730.4614708032415,772.3544232830243
55.945410207094774,-3.186002137466219,WSW,55.945295402065064,-3.1862793013259725,730.4614708032415,771.1044232830243
55.945295402065064,-3.1862793013259725,SSW,55.94501823820531,-3.186394106355682,730.4614708032415,769.8544232830243
55.94501823820531,-3.186394106355682,NNE,55.945295402065064,-3.1862793013259725,730.4614708032415,768.6044232830243
55.945295402065064,-3.1862793013259725,ENE,55.945410207094774,-3.186002137466219,730.4614708032415,767.3544232830243
55.945410207094774,-3.186002137466219,E,55.945410207094774,-3.185702137466219,730.4614708032415,766.1044232830243
55.945410207094774,-3.185702137466219,WNW,55.945525012124484,-3.1859793013259723,730.4614708032415,764.8544232830243
55.945525012124484,-3.1859793013259723,ENE,55.945639817154195,-3.185702137466219,730.4614708032415,763.6044232830243
55.945639817154195,-3.185702137466219,S,55.94533981715419,-3.185702137466219,730.4614708032415,762.3544232830243
55.94533981715419,-3.185702137466219,SW,55.945127685119836,-3.1859142695005747,730.4614708032415,761.1044232830243
55.945127685119836,-3.1859142695005747,NE,55.94533981715419,-3.185702137466219,730.4614708032415,759.8544232830243
55.94533981715419,-3.185702137466219,WNW,55.9454546221839,-3.1859793013259723,730.4614708032415,758.6044232830243
55.9454546221839,-3.1859793013259723,W,55.9454546221839,-3.1862793013259725,730.4614708032415,757.3544232830243
55.9454546221839,-3.1862793013259725,SSE,55.945177458324146,-3.186164496296263,730.4614708032415,756.1044232830243
55.945177458324146,-3.186164496296263,W,55.945177458324146,-3.186464496296263,730.4614708032415,754.8544232830243
55.945177458324146,-3.186464496296263,SW,55.94496532628979,-3.186676628330619,730.4614708032415,753.6044232830243
55.94496532628979,-3.186676628330619,SE,55.94475319425543,-3.186464496296263,730.4614708032415,752.3544232830243
55.94475319425543,-3.186464496296263,SE,55.94454106222108,-3.1862523642619074,730.4614708032415,751.1044232830243
55.94454106222108,-3.1862523642619074,SSE,55.94426389836132,-3.186137559232198,730.4614708032415,749.8544232830243
55.94426389836132,-3.186137559232198,S,55.94396389836132,-3.186137559232198,730.4614708032415,748.6044232830243
55.94396389836132,-3.186137559232198,NNE,55.944241062221074,-3.1860227542024884,730.4614708032415,747.3544232830243
55.944241062221074,-3.1860227542024884,N,55.94454106222108,-3.1860227542024884,730.4614708032415,746.1044232830243
55.94454106222108,-3.1860227542024884,W,55.94454106222108,-3.1863227542024886,730.4614708032415,744.8544232830243
55.94454106222108,-3.1863227542024886,NW,55.94475319425543,-3.1865348862368443,730.4614708032415,743.6044232830243
55.94475319425543,-3.1865348862368443,WNW,55.944867999285144,-3.1868120500965977,730.4614708032415,742.3544232830243
55.944867999285144,-3.1868120500965977,W,55.944867999285144,-3.187112050096598,779.7323991760975,754.1791721393114
55.944867999285144,-3.187112050096598,SSE,55.94459083542539,-3.1869972450668884,779.7323991760975,752.9291721393114
55.94459083542539,-3.1869972450668884,E,55.94459083542539,-3.1866972450668882,779.7323991760975,751.6791721393114
55.94459083542539,-3.1866972450668882,WSW,55.94447603039568,-3.1869744089266416,779.7323991760975,750.4291721393114
55.94447603039568,-3.1869744089266416,WSW,55.94436122536597,-3.187251572786395,779.7323991760975,749.1791721393114
55.94436122536597,-3.187251572786395,SE,55.94414909333161,-3.1870394407520393,779.7323991760975,747.9291721393114
55.94414909333161,-3.1870394407520393,S,55.94384909333161,-3.1870394407520393,779.7323991760975,746.6791721393114
55.94384909333161,-3.1870394407520393,NE,55.944061225365964,-3.1868273087176835,779.7323991760975,745.4291721393114
55.944061225365964,-3.1868273087176835,W,55.944061225365964,-3.1871273087176837,779.7323991760975,744.1791721393114
55.944061225365964,-3.1871273087176837,SE,55.94384909333161,-3.186915176683328,779.7323991760975,742.9291721393114
55.94384909333161,-3.186915176683328,NNW,55.944126257191364,-3.1870299817130374,779.7323991760975,741.6791721393114
55.944126257191364,-3.1870299817130374,NNE,55.94440342105112,-3.186915176683328,779.7323991760975,740.4291721393114
55.94440342105112,-3.186915176683328,NNE,55.94468058491088,-3.1868003716536184,779.7323991760975,739.1791721393114
55.94468058491088,-3.1868003716536184,W,55.94468058491088,-3.1871003716536186,779.7323991760975,737.9291721393114
55.94468058491088,-3.1871003716536186,WSW,55.94456577988117,-3.187377535513372,779.7323991760975,736.6791721393114
55.94456577988117,-3.187377535513372,NW,55.94477791191552,-3.1875896675477278,779.7323991760975,735.4291721393114
55.94477791191552,-3.1875896675477278,WSW,55.94466310688581,-3.187866831407481,779.7323991760975,734.1791721393114
55.94466310688581,-3.187866831407481,SW,55.944450974851456,-3.188078963441837,779.7323991760975,732.9291721393114
55.944450974851456,-3.188078963441837,ESE,55.944336169821746,-3.1878017995820835,779.7323991760975,731.6791721393114
55.944336169821746,-3.1878017995820835,N,55.94463616982175,-3.1878017995820835,779.7323991760975,730.4291721393114
55.94463616982175,-3.1878017995820835,ENE,55.94475097485146,-3.18752463572233,779.7323991760975,729.1791721393114
55.94475097485146,-3.18752463572233,ENE,55.94486577988117,-3.1872474718625767,779.7323991760975,727.9291721393114
55.94486577988117,-3.1872474718625767,N,55.94516577988117,-3.1872474718625767,779.7323991760975,726.6791721393114
55.94516577988117,-3.1872474718625767,NE,55.94537791191553,-3.187035339828221,779.7323991760975,725.4291721393114
55.94537791191553,-3.187035339828221,WNW,55.94549271694524,-3.1873125036879744,779.7323991760975,724.1791721393114
55.94549271694524,-3.1873125036879744,WNW,55.94560752197495,-3.1875896675477278,790.5663821869573,805.4982626448399
55.94560752197495,-3.1875896675477278,ENE,55.94572232700466,-3.1873125036879744,790.5663821869573,804.2482626448399
55.94572232700466,-3.1873125036879744,NW,55.945934459039016,-3.18752463572233,790.5663821869573,802.9982626448399
55.945934459039016,-3.18752463572233,S,55.94563445903901,-3.18752463572233,790.5663821869573,801.7482626448399
55.94563445903901,-3.18752463572233,NW,55.94584659107337,-3.187736767756686,790.5663821869573,800.4982626448399
55.94584659107337,-3.187736767756686,NE,55.946058723107726,-3.18752463572233,790.5663821869573,799.2482626448399
55.946058723107726,-3.18752463572233,ENE,55.946173528137436,-3.1872474718625767,790.5663821869573,797.9982626448399
55.946173528137436,-3.1872474718625767,SE,55.94596139610308,-3.187035339828221,790.5663821869573,796.7482626448399
55.94596139610308,-3.187035339828221,E,55.94596139610308,-3.1867353398282208,790.5663821869573,795.4982626448399
55.94596139610308,-3.1867353398282208,SSW,55.94568423224332,-3.1868501448579303,790.5663821869573,794.2482626448399
55.94568423224332,-3.1868501448579303,N,55.945984232243326,-3.1868501448579303,790.5663821869573,792.9982626448399
55.945984232243326,-3.1868501448579303,ESE,55.945869427213616,-3.186572980998177,790.5663821869573,791.7482626448399
55.945869427213616,-3.186572980998177,NNE,55.94614659107337,-3.1864581759684674,790.5663821869573,790.4982626448399
55.94614659107337,-3.1864581759684674,E,55.94614659107337,-3.186158175968467,790.5663821869573,789.2482626448399
55.94614659107337,-3.186158175968467,W,55.94614659107337,-3.1864581759684674,790.5663821869573,787.9982626448399
55.94614659107337,-3.1864581759684674,E,55.94614659107337,-3.186158175968467,790.5663821869573,786.7482626448399
55.94614659107337,-3.186158175968467,WSW,55.94603178604366,-3.1864353398282206,790.5663821869573,785.4982626448399
55.94603178604366,-3.1864353398282206,WSW,55.94591698101395,-3.186712503687974,790.5663821869573,784.2482626448399
55.94591698101395,-3.186712503687974,SW,55.945704848979595,-3.1869246357223298,790.5663821869573,782.9982626448399
55.945704848979595,-3.1869246357223298,ENE,55.945819654009306,-3.1866474718625764,790.5663821869573,781.7482626448399
55.945819654009306,-3.1866474718625764,NNW,55.94609681786906,-3.186762276892286,790.5663821869573,780.4982626448399
55.94609681786906,-3.186762276892286,WNW,55.94621162289877,-3.1870394407520393,790.5663821869573,779.2482626448399
55.94621162289877,-3.1870394407520393,SW,55.945999490864416,-3.187251572786395,790.5663821869573,777.9982626448399
55.945999490864416,-3.187251572786395,SE,55.94578735883006,-3.1870394407520393,790.5663821869573,776.7482626448399
55.94578735883006,-3.1870394407520393,NNW,55.94606452268982,-3.1871542457817488,790.5663821869573,775.4982626448399
55.94606452268982,-3.1871542457817488,SSE,55.94578735883006,-3.1870394407520393,790.5663821869573,774.2482626448399
55.94578735883006,-3.1870394407520393,S,55.94548735883006,-3.1870394407520393,790.5663821869573,772.9982626448399
55.94548735883006,-3.1870394407520393,NNW,55.945764522689814,-3.1871542457817488,790.5663821869573,771.7482626448399
55.945764522689814,-3.1871542457817488,ENE,55.945879327719524,-3.1868770819219954,790.5663821869573,770.4982626448399
55.945879327719524,-3.1868770819219954,SSW,55.94560216385977,-3.186991886951705,790.5663821869573,769.2482626448399
55.94560216385977,-3.186991886951705,WNW,55.94571696888948,-3.1872690508114583,790.5663821869573,767.9982626448399
55.94571696888948,-3.1872690508114583,ENE,55.94583177391919,-3.186991886951705,790.5663821869573,766.7482626448399
55.94583177391919,-3.186991886951705,SW,55.94561964188483,-3.1872040189860606,790.5663821869573,765.4982626448399
55.94561964188483,-3.1872040189860606,SW,55.945407509850476,-3.1874161510204164,790.5663821869573,764.2482626448399
55.945407509850476,-3.1874161510204164,SE,55.94519537781612,-3.1872040189860606,790.5663821869573,762.9982626448399
55.94519537781612,-3.1872040189860606,NNW,55.945472541675876,-3.18731882401577,790.5663821869573,761.7482626448399
55.945472541675876,-3.18731882401577,SSW,55.94519537781612,-3.1874336290454797,790.5663821869573,760.4982626448399
55.94519537781612,-3.1874336290454797,NW,55.945407509850476,-3.1876457610798354,790.5663821869573,759.2482626448399
55.945407509850476,-3.1876457610798354,NNW,55.94568467371023,-3.187760566109545,790.5663821869573,757.9982626448399
55.94568467371023,-3.187760566109545,SSE,55.945407509850476,-3.1876457610798354,790.5663821869573,756.7482626448399
55.945407509850476,-3.1876457610798354,N,55.94570750985048,-3.1876457610798354,790.5663821869573,755.4982626448399
55.94570750985048,-3.1876457610798354,W,55.94570750985048,-3.1879457610798356,790.5663821869573,754.2482626448399
55.94570750985048,-3.1879457610798356,S,55.945407509850476,-3.1879457610798356,790.5663821869573,752.9982626448399
