55.944425,-3.188396,WNW,55.94453980502971,-3.1886731638597534,0.0,248.75
55.94453980502971,-3.1886731638597534,WSW,55.944425,-3.188950327719507,30.592527874411953,332.0663570637372
55.944425,-3.188950327719507,NE,55.94463713203436,-3.188738195685151,30.592527874411953,330.8163570637372
55.94463713203436,-3.188738195685151,NNE,55.944914295894115,-3.1886233906554415,30.592527874411953,329.5663570637372
55.944914295894115,-3.1886233906554415,NE,55.94512642792847,-3.1884112586210858,30.592527874411953,328.3163570637372
55.94512642792847,-3.1884112586210858,E,55.94512642792847,-3.1881112586210856,137.39199955211407,400.44025365882703
55.94512642792847,-3.1881112586210856,E,55.94512642792847,-3.1878112586210854,137.39199955211407,399.19025365882703
55.94512642792847,-3.1878112586210854,ENE,55.94524123295818,-3.187534094761332,157.15469337907476,462.16431966346255
55.94524123295818,-3.187534094761332,S,55.94494123295818,-3.187534094761332,157.15469337907476,460.91431966346255
55.94494123295818,-3.187534094761332,S,55.944641232958176,-3.187534094761332,157.15469337907476,459.66431966346255
55.944641232958176,-3.187534094761332,S,55.94434123295817,-3.187534094761332,184.1479700912402,502.0456224954659
55.94434123295817,-3.187534094761332,ESE,55.94422642792846,-3.1872569309015786,184.1479700912402,500.7956224954659
55.94422642792846,-3.1872569309015786,ESE,55.94411162289875,-3.186979767041825,184.1479700912402,499.5456224954659
55.94411162289875,-3.186979767041825,E,55.94411162289875,-3.186679767041825,280.1385847077731,621.1661747661894
55.94411162289875,-3.186679767041825,SE,55.943899490864396,-3.186467635007469,334.66343656676787,728.0710324511367
55.943899490864396,-3.186467635007469,ENE,55.94401429589411,-3.186190471147716,334.66343656676787,726.8210324511367
55.94401429589411,-3.186190471147716,NE,55.94422642792846,-3.18597833911336,467.6559631323562,903.685616867252
55.94422642792846,-3.18597833911336,N,55.944526427928466,-3.18597833911336,551.6811122193101,936.2177373475644
55.944526427928466,-3.18597833911336,SSE,55.94424926406871,-3.1858635340836505,551.6811122193101,934.9677373475644
55.94424926406871,-3.1858635340836505,S,55.943949264068706,-3.1858635340836505,551.6811122193101,933.7177373475644
55.943949264068706,-3.1858635340836505,SSE,55.94367210020895,-3.185748729053941,564.2597026592407,1040.7533981514214
55.94367210020895,-3.185748729053941,ENE,55.94378690523866,-3.1854715651941876,564.2597026592407,1039.5033981514214
55.94378690523866,-3.1854715651941876,NE,55.94399903727302,-3.185259433159832,564.2597026592407,1038.2533981514214
55.94399903727302,-3.185259433159832,ENE,55.94411384230273,-3.1849822693000784,564.2597026592407,1037.0033981514214
55.94411384230273,-3.1849822693000784,NNE,55.94439100616248,-3.184867464270369,671.0243323673928,1105.9092349607422
55.94439100616248,-3.184867464270369,NNW,55.94466817002224,-3.1849822693000784,671.0243323673928,1104.6592349607422
55.94466817002224,-3.1849822693000784,NNW,55.944945333881996,-3.185097074329788,671.0243323673928,1103.4092349607422
55.944945333881996,-3.185097074329788,NNW,55.94522249774175,-3.1852118793594975,671.0243323673928,1102.1592349607422
55.94522249774175,-3.1852118793594975,NW,55.94543462977611,-3.1854240113938532,671.0243323673928,1100.9092349607422
55.94543462977611,-3.1854240113938532,NNW,55.945711793635866,-3.1855388164235627,671.0243323673928,1099.6592349607422
55.945711793635866,-3.1855388164235627,N,55.94601179363587,-3.1855388164235627,778.5195979636385,1195.484164830433
55.94601179363587,-3.1855388164235627,WSW,55.94589698860616,-3.185815980283316,778.5195979636385,1194.234164830433
55.94589698860616,-3.185815980283316,WSW,55.94578218357645,-3.1860931441430695,778.5195979636385,1192.984164830433
55.94578218357645,-3.1860931441430695,SW,55.94557005154209,-3.1863052761774253,832.9118379013572,1277.5409206417494
55.94557005154209,-3.1863052761774253,NW,55.94578218357645,-3.186517408211781,832.9118379013572,1276.2909206417494
55.94578218357645,-3.186517408211781,WNW,55.94589698860616,-3.1867945720715345,875.6585733604245,1346.6882202865725
55.94589698860616,-3.1867945720715345,W,55.94589698860616,-3.1870945720715347,875.6585733604245,1345.4382202865725
55.94589698860616,-3.1870945720715347,W,55.94589698860616,-3.187394572071535,875.6585733604245,1344.1882202865725
55.94589698860616,-3.187394572071535,WSW,55.94578218357645,-3.1876717359312883,875.6585733604245,1342.9382202865725
55.94578218357645,-3.1876717359312883,W,55.94578218357645,-3.1879717359312885,875.6585733604245,1341.6882202865725
55.94578218357645,-3.1879717359312885,WSW,55.94566737854674,-3.188248899791042,875.6585733604245,1340.4382202865725
55.94566737854674,-3.188248899791042,W,55.94566737854674,-3.188548899791042,875.6585733604245,1339.1882202865725
55.94566737854674,-3.188548899791042,WNW,55.94578218357645,-3.1888260636507955,954.5332466183104,1363.4161786180018
55.94578218357645,-3.1888260636507955,W,55.94578218357645,-3.1891260636507957,954.5332466183104,1362.1661786180018
55.94578218357645,-3.1891260636507957,SW,55.94557005154209,-3.1893381956851514,996.0428557899389,1399.1048824861164
55.94557005154209,-3.1893381956851514,WNW,55.9456848565718,-3.189615359544905,996.0428557899389,1397.8548824861164
55.9456848565718,-3.189615359544905,NW,55.94589698860616,-3.1898274915792606,996.0428557899389,1396.6048824861164
55.94589698860616,-3.1898274915792606,W,55.94589698860616,-3.190127491579261,997.8811774296116,1424.9292301352202
55.94589698860616,-3.190127491579261,SW,55.9456848565718,-3.1903396236136166,997.8811774296116,1423.6792301352202
55.9456848565718,-3.1903396236136166,SSW,55.945407692712045,-3.190454428643326,1065.2524124500017,1506.990298243463
55.945407692712045,-3.190454428643326,NW,55.9456198247464,-3.190666560677682,1065.2524124500017,1505.740298243463
55.9456198247464,-3.190666560677682,N,55.945919824746404,-3.190666560677682,1098.722713731525,1585.0633723475062
55.945919824746404,-3.190666560677682,WSW,55.945805019716694,-3.1909437245374352,1149.0162579387443,1708.5429649659645
55.945805019716694,-3.1909437245374352,W,55.945805019716694,-3.1912437245374354,1149.0162579387443,1707.2929649659645
55.945805019716694,-3.1912437245374354,W,55.945805019716694,-3.1915437245374356,1149.0162579387443,1706.0429649659645
55.945805019716694,-3.1915437245374356,WSW,55.945690214686984,-3.191820888397189,1149.0162579387443,1704.7929649659645
55.945690214686984,-3.191820888397189,SW,55.94547808265263,-3.192033020431545,1186.6026235433399,1730.4871549763832
55.94547808265263,-3.192033020431545,WSW,55.94536327762292,-3.192310184291298,1186.6026235433399,1729.2371549763832
55.94536327762292,-3.192310184291298,SSE,55.94508611376316,-3.1921953792615887,1218.1433733906101,1827.348436386577
55.94508611376316,-3.1921953792615887,SSW,55.944808949903404,-3.192310184291298,1218.1433733906101,1826.098436386577
55.944808949903404,-3.192310184291298,E,55.944808949903404,-3.192010184291298,1218.1433733906101,1824.848436386577
55.944808949903404,-3.192010184291298,W,55.944808949903404,-3.192310184291298,1218.1433733906101,1823.598436386577
55.944808949903404,-3.192310184291298,E,55.944808949903404,-3.192010184291298,1218.1433733906101,1822.348436386577
55.944808949903404,-3.192010184291298,W,55.944808949903404,-3.192310184291298,1218.1433733906101,1821.098436386577
55.944808949903404,-3.192310184291298,E,55.944808949903404,-3.192010184291298,1218.1433733906101,1819.848436386577
55.944808949903404,-3.192010184291298,ESE,55.944694144873694,-3.1917330204315446,1218.1433733906101,1818.598436386577
55.944694144873694,-3.1917330204315446,SSE,55.94441698101394,-3.191618215401835,1218.1433733906101,1817.348436386577
55.94441698101394,-3.191618215401835,S,55.944116981013934,-3.191618215401835,1218.1433733906101,1816.098436386577
55.944116981013934,-3.191618215401835,S,55.94381698101393,-3.191618215401835,1218.1433733906101,1814.848436386577
55.94381698101393,-3.191618215401835,SSE,55.943539817154175,-3.1915034103721256,1218.1433733906101,1813.598436386577
55.943539817154175,-3.1915034103721256,S,55.94323981715417,-3.1915034103721256,1218.3206686922802,1914.6563979925663
55.94323981715417,-3.1915034103721256,SE,55.943027685119816,-3.19129127833777,1218.3206686922802,1913.4063979925663
55.943027685119816,-3.19129127833777,SE,55.94281555308546,-3.191079146303414,1312.7543038032977,1944.7911232297702
55.94281555308546,-3.191079146303414,ENE,55.94293035811517,-3.1908019824436606,1312.7543038032977,1943.5411232297702
55.94293035811517,-3.1908019824436606,NE,55.943142490149526,-3.190589850409305,1351.2223709781845,2030.9077072320822
55.943142490149526,-3.190589850409305,ENE,55.94325729517924,-3.1903126865495515,1416.9774109590358,2035.3388630246448
55.94325729517924,-3.1903126865495515,ESE,55.943142490149526,-3.190035522689798,1416.9774109590358,2034.0888630246448
55.943142490149526,-3.190035522689798,E,55.943142490149526,-3.189735522689798,1531.4120386886077,2112.28246958819
55.943142490149526,-3.189735522689798,SSE,55.94286532628977,-3.1896207176600884,1606.75795594721,2219.479867585157
55.94286532628977,-3.1896207176600884,ENE,55.94298013131948,-3.189343553800335,1713.941556819838,2266.1182393159197
55.94298013131948,-3.189343553800335,WNW,55.94309493634919,-3.1896207176600884,1713.941556819838,2264.8682393159197
55.94309493634919,-3.1896207176600884,WNW,55.9432097413789,-3.1898978815198418,1713.941556819838,2263.6182393159197
55.9432097413789,-3.1898978815198418,WNW,55.94332454640861,-3.190175045379595,1713.941556819838,2262.3682393159197
55.94332454640861,-3.190175045379595,WNW,55.94343935143832,-3.1904522092393486,1713.941556819838,2261.1182393159197
55.94343935143832,-3.1904522092393486,WNW,55.94355415646803,-3.190729373099102,1713.941556819838,2259.8682393159197
55.94355415646803,-3.190729373099102,WNW,55.94366896149774,-3.1910065369588554,1713.941556819838,2258.6182393159197
55.94366896149774,-3.1910065369588554,WNW,55.94378376652745,-3.191283700818609,1713.941556819838,2257.3682393159197
55.94378376652745,-3.191283700818609,WNW,55.94389857155716,-3.191560864678362,1713.941556819838,2256.1182393159197
55.94389857155716,-3.191560864678362,WNW,55.944013376586874,-3.1918380285381156,1713.941556819838,2254.8682393159197
55.944013376586874,-3.1918380285381156,W,55.944013376586874,-3.192138028538116,1713.941556819838,2253.6182393159197
55.944013376586874,-3.192138028538116,WSW,55.94389857155716,-3.192415192397869,1773.9706158148338,2368.414860624433
55.94389857155716,-3.192415192397869,SE,55.94368643952281,-3.1922030603635134,1773.9706158148338,2367.164860624433
55.94368643952281,-3.1922030603635134,ENE,55.94380124455252,-3.19192589650376,1773.9706158148338,2365.914860624433
55.94380124455252,-3.19192589650376,NE,55.944013376586874,-3.1917137644694042,1773.9706158148338,2364.664860624433
55.944013376586874,-3.1917137644694042,ESE,55.94389857155716,-3.191436600609651,1773.9706158148338,2363.414860624433
55.94389857155716,-3.191436600609651,ENE,55.944013376586874,-3.1911594367498974,1773.9706158148338,2362.164860624433
55.944013376586874,-3.1911594367498974,NE,55.94422550862123,-3.1909473047155417,1773.9706158148338,2360.914860624433
55.94422550862123,-3.1909473047155417,W,55.94422550862123,-3.191247304715542,1773.9706158148338,2359.664860624433
55.94422550862123,-3.191247304715542,ENE,55.94434031365094,-3.1909701408557885,1773.9706158148338,2358.414860624433
55.94434031365094,-3.1909701408557885,ESE,55.94422550862123,-3.190692976996035,1773.9706158148338,2357.164860624433
55.94422550862123,-3.190692976996035,ENE,55.94434031365094,-3.1904158131362816,1773.9706158148338,2355.914860624433
55.94434031365094,-3.1904158131362816,N,55.94464031365094,-3.1904158131362816,1773.9706158148338,2354.664860624433
55.94464031365094,-3.1904158131362816,N,55.944940313650946,-3.1904158131362816,1773.9706158148338,2353.414860624433
55.944940313650946,-3.1904158131362816,ESE,55.944825508621236,-3.1901386492765282,1773.9706158148338,2352.164860624433
55.944825508621236,-3.1901386492765282,NE,55.94503764065559,-3.1899265172421725,1773.9706158148338,2350.914860624433
55.94503764065559,-3.1899265172421725,SW,55.944825508621236,-3.1901386492765282,1773.9706158148338,2349.664860624433
55.944825508621236,-3.1901386492765282,E,55.944825508621236,-3.189838649276528,1773.9706158148338,2348.414860624433
55.944825508621236,-3.189838649276528,S,55.94452550862123,-3.189838649276528,1773.9706158148338,2347.164860624433
55.94452550862123,-3.189838649276528,E,55.94452550862123,-3.189538649276528,1773.9706158148338,2345.914860624433
55.94452550862123,-3.189538649276528,N,55.944825508621236,-3.189538649276528,1773.9706158148338,2344.664860624433
55.944825508621236,-3.189538649276528,NW,55.94503764065559,-3.1897507813108836,1773.9706158148338,2343.414860624433
55.94503764065559,-3.1897507813108836,E,55.94503764065559,-3.1894507813108834,1773.9706158148338,2342.164860624433
55.94503764065559,-3.1894507813108834,ESE,55.94492283562588,-3.18917361745113,1773.9706158148338,2340.914860624433
55.94492283562588,-3.18917361745113,WSW,55.94480803059617,-3.1894507813108834,1773.9706158148338,2339.664860624433
55.94480803059617,-3.1894507813108834,SW,55.944595898561815,-3.189662913345239,1773.9706158148338,2338.414860624433
55.944595898561815,-3.189662913345239,E,55.944595898561815,-3.189362913345239,1773.9706158148338,2337.164860624433
55.944595898561815,-3.189362913345239,E,55.944595898561815,-3.189062913345239,1773.9706158148338,2335.914860624433
55.944595898561815,-3.189062913345239,W,55.944595898561815,-3.189362913345239,1773.9706158148338,2334.664860624433
55.944595898561815,-3.189362913345239,NNW,55.94487306242157,-3.1894777183749485,1773.9706158148338,2333.414860624433
55.94487306242157,-3.1894777183749485,E,55.94487306242157,-3.1891777183749483,1773.9706158148338,2332.164860624433
55.94487306242157,-3.1891777183749483,WNW,55.94498786745128,-3.1894548822347017,1773.9706158148338,2330.914860624433
55.94498786745128,-3.1894548822347017,E,55.94498786745128,-3.1891548822347016,1773.9706158148338,2329.664860624433
55.94498786745128,-3.1891548822347016,ESE,55.94487306242157,-3.188877718374948,1773.9706158148338,2328.414860624433
55.94487306242157,-3.188877718374948,SW,55.944660930387215,-3.189089850409304,1773.9706158148338,2327.164860624433
55.944660930387215,-3.189089850409304,ESE,55.944546125357505,-3.1888126865495505,1773.9706158148338,2325.914860624433
55.944546125357505,-3.1888126865495505,WNW,55.944660930387215,-3.189089850409304,1773.9706158148338,2324.664860624433
55.944660930387215,-3.189089850409304,WNW,55.944775735416925,-3.1893670142690573,1773.9706158148338,2323.414860624433
55.944775735416925,-3.1893670142690573,E,55.944775735416925,-3.189067014269057,1773.9706158148338,2322.164860624433
55.944775735416925,-3.189067014269057,ESE,55.944660930387215,-3.1887898504093037,1773.9706158148338,2320.914860624433
55.944660930387215,-3.1887898504093037,ESE,55.944546125357505,-3.1885126865495503,1773.9706158148338,2319.664860624433
55.944546125357505,-3.1885126865495503,WSW,55.944431320327794,-3.1887898504093037,1773.9706158148338,2318.414860624433
55.944431320327794,-3.1887898504093037,NE,55.94464345236215,-3.188577718374948,1773.9706158148338,2317.164860624433
55.94464345236215,-3.188577718374948,SSW,55.944366288502394,-3.1886925234046575,1773.9706158148338,2315.914860624433
55.944366288502394,-3.1886925234046575,E,55.944366288502394,-3.1883925234046573,1773.9706158148338,2314.664860624433
55.944366288502394,-3.1883925234046573,SW,55.94415415646804,-3.188604655439013,1773.9706158148338,2313.414860624433
55.94415415646804,-3.188604655439013,WSW,55.94403935143833,-3.1888818192987665,1773.9706158148338,2312.164860624433
55.94403935143833,-3.1888818192987665,NW,55.944251483472684,-3.1890939513331222,1773.9706158148338,2310.914860624433
55.944251483472684,-3.1890939513331222,E,55.944251483472684,-3.188793951333122,1773.9706158148338,2309.664860624433
55.944251483472684,-3.188793951333122,NE,55.94446361550704,-3.1885818192987663,1773.9706158148338,2308.414860624433
55.94446361550704,-3.1885818192987663,WNW,55.94457842053675,-3.1888589831585197,1773.9706158148338,2307.164860624433
55.94457842053675,-3.1888589831585197,ESE,55.94446361550704,-3.1885818192987663,1773.9706158148338,2305.914860624433
55.94446361550704,-3.1885818192987663,SW,55.944251483472684,-3.188793951333122,1773.9706158148338,2304.664860624433
55.944251483472684,-3.188793951333122,E,55.944251483472684,-3.188493951333122,1773.9706158148338,2303.414860624433
55.944251483472684,-3.188493951333122,WNW,55.944366288502394,-3.1887711151928753,1773.9706158148338,2302.164860624433
55.944366288502394,-3.1887711151928753,NE,55.94457842053675,-3.1885589831585195,1773.9706158148338,2300.914860624433
55.94457842053675,-3.1885589831585195,E,55.94457842053675,-3.1882589831585193,1773.9706158148338,2299.664860624433
55.94457842053675,-3.1882589831585193,E,55.94457842053675,-3.187958983158519,1773.9706158148338,2298.414860624433
55.94457842053675,-3.187958983158519,NE,55.944790552571106,-3.1877468511241633,1773.9706158148338,2297.164860624433
55.944790552571106,-3.1877468511241633,NE,55.94500268460546,-3.1875347190898076,1773.9706158148338,2295.914860624433
55.94500268460546,-3.1875347190898076,SW,55.944790552571106,-3.1877468511241633,1773.9706158148338,2294.664860624433
55.944790552571106,-3.1877468511241633,SSW,55.94451338871135,-3.187861656153873,1773.9706158148338,2293.414860624433
55.94451338871135,-3.187861656153873,ENE,55.94462819374106,-3.1875844922941194,1773.9706158148338,2292.164860624433
55.94462819374106,-3.1875844922941194,WNW,55.94474299877077,-3.187861656153873,1773.9706158148338,2290.914860624433
55.94474299877077,-3.187861656153873,NW,55.94495513080513,-3.1880737881882286,1773.9706158148338,2289.664860624433
55.94495513080513,-3.1880737881882286,S,55.944655130805124,-3.1880737881882286,1773.9706158148338,2288.414860624433
55.944655130805124,-3.1880737881882286,NE,55.94486726283948,-3.187861656153873,1773.9706158148338,2287.164860624433
55.94486726283948,-3.187861656153873,S,55.94456726283948,-3.187861656153873,1773.9706158148338,2285.914860624433
55.94456726283948,-3.187861656153873,ESE,55.94445245780977,-3.1875844922941194,1773.9706158148338,2284.664860624433
55.94445245780977,-3.1875844922941194,NW,55.94466458984412,-3.187796624328475,1773.9706158148338,2283.414860624433
55.94466458984412,-3.187796624328475,NE,55.94487672187848,-3.1875844922941194,1773.9706158148338,2282.164860624433
55.94487672187848,-3.1875844922941194,WSW,55.94476191684877,-3.187861656153873,1773.9706158148338,2280.914860624433
55.94476191684877,-3.187861656153873,NW,55.944974048883125,-3.1880737881882286,1773.9706158148338,2279.664860624433
55.944974048883125,-3.1880737881882286,WNW,55.945088853912836,-3.188350952047982,1773.9706158148338,2278.414860624433
55.945088853912836,-3.188350952047982,ESE,55.944974048883125,-3.1880737881882286,1773.9706158148338,2277.164860624433
55.944974048883125,-3.1880737881882286,WNW,55.945088853912836,-3.188350952047982,1773.9706158148338,2275.914860624433
55.945088853912836,-3.188350952047982,WNW,55.945203658942546,-3.1886281159077354,1773.9706158148338,2274.664860624433
55.945203658942546,-3.1886281159077354,WSW,55.945088853912836,-3.188905279767489,1773.9706158148338,2273.414860624433
55.945088853912836,-3.188905279767489,E,55.945088853912836,-3.1886052797674886,1773.9706158148338,2272.164860624433
55.945088853912836,-3.1886052797674886,W,55.945088853912836,-3.188905279767489,1773.9706158148338,2270.914860624433
55.945088853912836,-3.188905279767489,N,55.94538885391284,-3.188905279767489,1773.9706158148338,2269.664860624433
55.94538885391284,-3.188905279767489,E,55.94538885391284,-3.1886052797674886,1773.9706158148338,2268.414860624433
55.94538885391284,-3.1886052797674886,SE,55.94517672187848,-3.188393147733133,1773.9706158148338,2267.164860624433
55.94517672187848,-3.188393147733133,ENE,55.94529152690819,-3.1881159838733795,1773.9706158148338,2265.914860624433
55.94529152690819,-3.1881159838733795,SE,55.94507939487384,-3.1879038518390237,1773.9706158148338,2264.664860624433
55.94507939487384,-3.1879038518390237,W,55.94507939487384,-3.188203851839024,1773.9706158148338,2263.414860624433
55.94507939487384,-3.188203851839024,ENE,55.94519419990355,-3.1879266879792705,1773.9706158148338,2262.164860624433
55.94519419990355,-3.1879266879792705,WNW,55.94530900493326,-3.188203851839024,1773.9706158148338,2260.914860624433
55.94530900493326,-3.188203851839024,W,55.94530900493326,-3.188503851839024,1773.9706158148338,2259.664860624433
55.94530900493326,-3.188503851839024,W,55.94530900493326,-3.1888038518390243,1773.9706158148338,2258.414860624433
55.94530900493326,-3.1888038518390243,ESE,55.94519419990355,-3.188526687979271,1773.9706158148338,2257.164860624433
55.94519419990355,-3.188526687979271,ENE,55.94530900493326,-3.1882495241195175,1773.9706158148338,2255.914860624433
55.94530900493326,-3.1882495241195175,SW,55.9450968728989,-3.1884616561538732,1773.9706158148338,2254.664860624433
55.9450968728989,-3.1884616561538732,WNW,55.94521167792861,-3.1887388200136266,1773.9706158148338,2253.414860624433
55.94521167792861,-3.1887388200136266,ESE,55.9450968728989,-3.1884616561538732,1773.9706158148338,2252.164860624433
55.9450968728989,-3.1884616561538732,E,55.9450968728989,-3.188161656153873,1773.9706158148338,2250.914860624433
55.9450968728989,-3.188161656153873,WNW,55.94521167792861,-3.1884388200136264,1773.9706158148338,2249.664860624433
55.94521167792861,-3.1884388200136264,SW,55.944999545894255,-3.188650952047982,1773.9706158148338,2248.414860624433
55.944999545894255,-3.188650952047982,ENE,55.945114350923966,-3.188373788188229,1773.9706158148338,2247.164860624433
55.945114350923966,-3.188373788188229,ENE,55.945229155953676,-3.1880966243284754,1773.9706158148338,2245.914860624433
55.945229155953676,-3.1880966243284754,S,55.94492915595367,-3.1880966243284754,1773.9706158148338,2244.664860624433
55.94492915595367,-3.1880966243284754,S,55.94462915595367,-3.1880966243284754,1773.9706158148338,2243.414860624433
55.94462915595367,-3.1880966243284754,SW,55.944417023919314,-3.188308756362831,1773.9706158148338,2242.164860624433
55.944417023919314,-3.188308756362831,NW,55.94462915595367,-3.188520888397187,1773.9706158148338,2240.914860624433
55.94462915595367,-3.188520888397187,W,55.94462915595367,-3.188820888397187,1773.9706158148338,2239.664860624433
55.94462915595367,-3.188820888397187,WSW,55.94451435092396,-3.1890980522569405,1773.9706158148338,2238.414860624433
55.94451435092396,-3.1890980522569405,NE,55.944726482958316,-3.1888859202225848,1773.9706158148338,2237.164860624433
55.944726482958316,-3.1888859202225848,E,55.944726482958316,-3.1885859202225846,1773.9706158148338,2235.914860624433
55.944726482958316,-3.1885859202225846,SE,55.94451435092396,-3.188373788188229,1773.9706158148338,2234.664860624433
55.94451435092396,-3.188373788188229,E,55.94451435092396,-3.1880737881882286,1773.9706158148338,2233.414860624433
55.94451435092396,-3.1880737881882286,W,55.94451435092396,-3.188373788188229,1773.9706158148338,2232.164860624433
55.94451435092396,-3.188373788188229,E,55.94451435092396,-3.1880737881882286,1773.9706158148338,2230.914860624433
55.94451435092396,-3.1880737881882286,W,55.94451435092396,-3.188373788188229,1773.9706158148338,2229.664860624433
55.94451435092396,-3.188373788188229,ENE,55.94462915595367,-3.1880966243284754,1773.9706158148338,2228.414860624433
55.94462915595367,-3.1880966243284754,NE,55.94484128798803,-3.1878844922941196,1773.9706158148338,2227.164860624433
55.94484128798803,-3.1878844922941196,NE,55.94505342002238,-3.187672360259764,1773.9706158148338,2225.914860624433
55.94505342002238,-3.187672360259764,NE,55.94526555205674,-3.187460228225408,1773.9706158148338,2224.664860624433
55.94526555205674,-3.187460228225408,NE,55.945477684091095,-3.1872480961910523,1773.9706158148338,2223.414860624433
55.945477684091095,-3.1872480961910523,NE,55.94568981612545,-3.1870359641566965,1773.9706158148338,2222.164860624433
55.94568981612545,-3.1870359641566965,NE,55.94590194815981,-3.1868238321223408,1773.9706158148338,2220.914860624433
55.94590194815981,-3.1868238321223408,N,55.94620194815981,-3.1868238321223408,1773.9706158148338,2219.664860624433
55.94620194815981,-3.1868238321223408,SSE,55.945924784300054,-3.1867090270926313,1773.9706158148338,2218.414860624433
55.945924784300054,-3.1867090270926313,E,55.945924784300054,-3.186409027092631,1773.9706158148338,2217.164860624433
55.945924784300054,-3.186409027092631,NE,55.94613691633441,-3.1861968950582753,1773.9706158148338,2215.914860624433
55.94613691633441,-3.1861968950582753,SW,55.945924784300054,-3.186409027092631,1773.9706158148338,2214.664860624433
55.945924784300054,-3.186409027092631,NE,55.94613691633441,-3.1861968950582753,1773.9706158148338,2213.414860624433
55.94613691633441,-3.1861968950582753,SW,55.945924784300054,-3.186409027092631,1773.9706158148338,2212.164860624433
55.945924784300054,-3.186409027092631,W,55.945924784300054,-3.1867090270926313,1773.9706158148338,2210.914860624433
55.945924784300054,-3.1867090270926313,W,55.945924784300054,-3.1870090270926315,1773.9706158148338,2209.664860624433
55.945924784300054,-3.1870090270926315,W,55.945924784300054,-3.1873090270926316,1773.9706158148338,2208.414860624433
55.945924784300054,-3.1873090270926316,WSW,55.945809979270344,-3.187586190952385,1773.9706158148338,2207.164860624433
55.945809979270344,-3.187586190952385,SSW,55.94553281541059,-3.1877009959820946,1773.9706158148338,2205.914860624433
55.94553281541059,-3.1877009959820946,SW,55.94532068337623,-3.1879131280164503,1773.9706158148338,2204.664860624433
55.94532068337623,-3.1879131280164503,ESE,55.94520587834652,-3.187635964156697,1773.9706158148338,2203.414860624433
55.94520587834652,-3.187635964156697,SE,55.944993746312164,-3.187423832122341,1773.9706158148338,2202.164860624433
55.944993746312164,-3.187423832122341,SE,55.94478161427781,-3.1872117000879854,1773.9706158148338,2200.914860624433
55.94478161427781,-3.1872117000879854,SE,55.94456948224345,-3.1869995680536296,1773.9706158148338,2199.664860624433
55.94456948224345,-3.1869995680536296,SE,55.944357350209096,-3.186787436019274,1773.9706158148338,2198.414860624433
55.944357350209096,-3.186787436019274,WNW,55.944472155238806,-3.1870645998790272,1773.9706158148338,2197.164860624433
55.944472155238806,-3.1870645998790272,WNW,55.944586960268516,-3.1873417637387806,1773.9706158148338,2195.914860624433
55.944586960268516,-3.1873417637387806,W,55.944586960268516,-3.187641763738781,1773.9706158148338,2194.664860624433
55.944586960268516,-3.187641763738781,ESE,55.944472155238806,-3.1873645998790274,1773.9706158148338,2193.414860624433
55.944472155238806,-3.1873645998790274,WNW,55.944586960268516,-3.187641763738781,1773.9706158148338,2192.164860624433
55.944586960268516,-3.187641763738781,WNW,55.94470176529823,-3.1879189275985342,1773.9706158148338,2190.914860624433
55.94470176529823,-3.1879189275985342,SE,55.94448963326387,-3.1877067955641785,1773.9706158148338,2189.664860624433
55.94448963326387,-3.1877067955641785,E,55.94448963326387,-3.1874067955641783,1773.9706158148338,2188.414860624433
55.94448963326387,-3.1874067955641783,ENE,55.94460443829358,-3.187129631704425,1773.9706158148338,2187.164860624433
55.94460443829358,-3.187129631704425,SE,55.944392306259225,-3.186917499670069,1773.9706158148338,2185.914860624433
55.944392306259225,-3.186917499670069,SE,55.94418017422487,-3.1867053676357133,1773.9706158148338,2184.664860624433
55.94418017422487,-3.1867053676357133,WNW,55.94429497925458,-3.1869825314954667,1773.9706158148338,2183.414860624433
55.94429497925458,-3.1869825314954667,WSW,55.94418017422487,-3.18725969535522,1773.9706158148338,2182.164860624433
55.94418017422487,-3.18725969535522,WNW,55.94429497925458,-3.1875368592149735,1773.9706158148338,2180.914860624433
55.94429497925458,-3.1875368592149735,NNE,55.944572143114335,-3.187422054185264,1773.9706158148338,2179.664860624433
55.944572143114335,-3.187422054185264,N,55.94487214311434,-3.187422054185264,1773.9706158148338,2178.414860624433
55.94487214311434,-3.187422054185264,W,55.94487214311434,-3.187722054185264,1773.9706158148338,2177.164860624433
55.94487214311434,-3.187722054185264,WNW,55.94498694814405,-3.1879992180450176,1773.9706158148338,2175.914860624433
55.94498694814405,-3.1879992180450176,WNW,55.94510175317376,-3.188276381904771,1773.9706158148338,2174.664860624433
55.94510175317376,-3.188276381904771,WSW,55.94498694814405,-3.1885535457645244,1773.9706158148338,2173.414860624433
55.94498694814405,-3.1885535457645244,W,55.94498694814405,-3.1888535457645246,1773.9706158148338,2172.164860624433
55.94498694814405,-3.1888535457645246,ESE,55.94487214311434,-3.188576381904771,1773.9706158148338,2170.914860624433
55.94487214311434,-3.188576381904771,WSW,55.94475733808463,-3.1888535457645246,1773.9706158148338,2169.664860624433
