55.944425,-3.188396,SE,55.944212867965646,-3.1881838679656442,0.0,248.75
55.944212867965646,-3.1881838679656442,ESE,55.944098062935936,-3.187906704105891,0.0,247.5
55.944098062935936,-3.187906704105891,NE,55.94431019497029,-3.187694572071535,42.31151921265378,274.7910692046796
55.94431019497029,-3.187694572071535,N,55.944610194970295,-3.187694572071535,74.0055968859934,274.05881655973315
55.944610194970295,-3.187694572071535,SSE,55.94433303111054,-3.1875797670418256,74.0055968859934,272.80881655973315
55.94433303111054,-3.1875797670418256,SW,55.94412089907618,-3.1877918990761813,74.0055968859934,271.55881655973315
55.94412089907618,-3.1877918990761813,SE,55.943908767041826,-3.1875797670418256,168.4999232170349,379.0782800147433
55.943908767041826,-3.1875797670418256,E,55.943908767041826,-3.1872797670418254,168.4999232170349,377.8282800147433
55.943908767041826,-3.1872797670418254,NNE,55.94418593090158,-3.187164962012116,279.2482161498591,495.22142226334427
55.94418593090158,-3.187164962012116,NNE,55.94446309476134,-3.1870501569824063,301.7217592991842,594.5218277615337
55.94446309476134,-3.1870501569824063,W,55.94446309476134,-3.1873501569824065,301.7217592991842,593.2718277615337
55.94446309476134,-3.1873501569824065,WSW,55.94434828973163,-3.18762732084216,301.7217592991842,592.0218277615337
55.94434828973163,-3.18762732084216,SE,55.94413615769727,-3.187415188807804,301.7217592991842,590.7718277615337
55.94413615769727,-3.187415188807804,N,55.944436157697275,-3.187415188807804,301.7217592991842,589.5218277615337
55.944436157697275,-3.187415188807804,NNW,55.94471332155703,-3.1875299938375137,301.7217592991842,588.2718277615337
55.94471332155703,-3.1875299938375137,NE,55.94492545359139,-3.187317861803158,301.7217592991842,587.0218277615337
55.94492545359139,-3.187317861803158,SW,55.94471332155703,-3.1875299938375137,301.7217592991842,585.7718277615337
55.94471332155703,-3.1875299938375137,SE,55.944501189522676,-3.187317861803158,301.7217592991842,584.5218277615337
55.944501189522676,-3.187317861803158,ENE,55.944615994552386,-3.1870406979434045,301.7217592991842,583.2718277615337
55.944615994552386,-3.1870406979434045,SSW,55.94433883069263,-3.187155502973114,301.7217592991842,582.0218277615337
55.94433883069263,-3.187155502973114,SSW,55.94406166683287,-3.1872703080028235,301.7217592991842,580.7718277615337
55.94406166683287,-3.1872703080028235,ESE,55.94394686180316,-3.18699314414307,301.7217592991842,579.5218277615337
55.94394686180316,-3.18699314414307,SE,55.943734729768806,-3.1867810121087143,301.7217592991842,578.2718277615337
55.943734729768806,-3.1867810121087143,W,55.943734729768806,-3.1870810121087145,301.7217592991842,577.0218277615337
55.943734729768806,-3.1870810121087145,NW,55.94394686180316,-3.1872931441430703,301.7217592991842,575.7718277615337
55.94394686180316,-3.1872931441430703,SW,55.943734729768806,-3.187505276177426,301.7217592991842,574.5218277615337
55.943734729768806,-3.187505276177426,WSW,55.943619924739096,-3.1877824400371795,301.7217592991842,573.2718277615337
55.943619924739096,-3.1877824400371795,SSW,55.94334276087934,-3.187897245066889,402.8174242756753,628.6544316508994
55.94334276087934,-3.187897245066889,WNW,55.94345756590905,-3.1881744089266424,402.8174242756753,627.4044316508994
55.94345756590905,-3.1881744089266424,NE,55.943669697943406,-3.1879622768922866,402.8174242756753,626.1544316508994
55.943669697943406,-3.1879622768922866,ENE,55.943784502973116,-3.187685113032533,402.8174242756753,624.9044316508994
55.943784502973116,-3.187685113032533,W,55.943784502973116,-3.1879851130325334,402.8174242756753,623.6544316508994
55.943784502973116,-3.1879851130325334,ENE,55.94389930800283,-3.18770794917278,402.8174242756753,622.4044316508994
55.94389930800283,-3.18770794917278,SE,55.94368717596847,-3.1874958171384242,402.8174242756753,621.1544316508994
55.94368717596847,-3.1874958171384242,NE,55.94389930800283,-3.1872836851040685,402.8174242756753,619.9044316508994
55.94389930800283,-3.1872836851040685,SSW,55.94362214414307,-3.187398490133778,402.8174242756753,618.6544316508994
55.94362214414307,-3.187398490133778,N,55.94392214414307,-3.187398490133778,402.8174242756753,617.4044316508994
55.94392214414307,-3.187398490133778,E,55.94392214414307,-3.1870984901337778,402.8174242756753,616.1544316508994
55.94392214414307,-3.1870984901337778,SSE,55.94364498028332,-3.1869836851040683,402.8174242756753,614.9044316508994
55.94364498028332,-3.1869836851040683,SSE,55.94336781642356,-3.1868688800743588,402.8174242756753,613.6544316508994
55.94336781642356,-3.1868688800743588,SSW,55.943090652563804,-3.1869836851040683,402.8174242756753,612.4044316508994
55.943090652563804,-3.1869836851040683,ESE,55.94297584753409,-3.186706521244315,402.8174242756753,611.1544316508994
55.94297584753409,-3.186706521244315,W,55.94297584753409,-3.187006521244315,402.8174242756753,609.9044316508994
55.94297584753409,-3.187006521244315,N,55.943275847534096,-3.187006521244315,402.8174242756753,608.6544316508994
55.943275847534096,-3.187006521244315,SSE,55.94299868367434,-3.1868917162146055,402.8174242756753,607.4044316508994
55.94299868367434,-3.1868917162146055,N,55.94329868367434,-3.1868917162146055,402.8174242756753,606.1544316508994
55.94329868367434,-3.1868917162146055,S,55.94299868367434,-3.1868917162146055,402.8174242756753,604.9044316508994
55.94299868367434,-3.1868917162146055,NNW,55.943275847534096,-3.187006521244315,402.8174242756753,603.6544316508994
55.943275847534096,-3.187006521244315,SE,55.94306371549974,-3.1867943892099593,402.8174242756753,602.4044316508994
55.94306371549974,-3.1867943892099593,N,55.94336371549974,-3.1867943892099593,402.8174242756753,601.1544316508994
55.94336371549974,-3.1867943892099593,S,55.94306371549974,-3.1867943892099593,402.8174242756753,599.9044316508994
55.94306371549974,-3.1867943892099593,WNW,55.94317852052945,-3.1870715530697127,402.8174242756753,598.6544316508994
55.94317852052945,-3.1870715530697127,SE,55.942966388495094,-3.186859421035357,402.8174242756753,597.4044316508994
55.942966388495094,-3.186859421035357,NW,55.94317852052945,-3.1870715530697127,402.8174242756753,596.1544316508994
55.94317852052945,-3.1870715530697127,E,55.94317852052945,-3.1867715530697125,402.8174242756753,594.9044316508994
55.94317852052945,-3.1867715530697125,NE,55.94339065256381,-3.1865594210353567,402.8174242756753,593.6544316508994
55.94339065256381,-3.1865594210353567,NE,55.94360278459816,-3.186347289001001,486.92349473970944,604.3169492142854
55.94360278459816,-3.186347289001001,E,55.94360278459816,-3.1860472890010008,486.92349473970944,603.0669492142854
55.94360278459816,-3.1860472890010008,E,55.94360278459816,-3.1857472890010006,572.3429776278425,693.7469465471077
55.94360278459816,-3.1857472890010006,NNE,55.94387994845792,-3.185632483971291,619.0155549124455,703.730164308924
55.94387994845792,-3.185632483971291,SE,55.94366781642356,-3.1854203519369353,619.0155549124455,702.480164308924
55.94366781642356,-3.1854203519369353,SE,55.94345568438921,-3.1852082199025795,619.0155549124455,701.230164308924
55.94345568438921,-3.1852082199025795,E,55.94345568438921,-3.1849082199025793,691.4801553778573,704.1093272750418
55.94345568438921,-3.1849082199025793,NNE,55.94373284824896,-3.18479341487287,691.4801553778573,702.8593272750418
55.94373284824896,-3.18479341487287,S,55.94343284824896,-3.18479341487287,691.4801553778573,701.6093272750418
55.94343284824896,-3.18479341487287,NE,55.94364498028332,-3.184581282838514,691.4801553778573,700.3593272750418
55.94364498028332,-3.184581282838514,W,55.94364498028332,-3.1848812828385142,691.4801553778573,699.1093272750418
55.94364498028332,-3.1848812828385142,E,55.94364498028332,-3.184581282838514,691.4801553778573,697.8593272750418
55.94364498028332,-3.184581282838514,WNW,55.94375978531303,-3.1848584466982675,691.4801553778573,696.6093272750418
55.94375978531303,-3.1848584466982675,E,55.94375978531303,-3.1845584466982673,691.4801553778573,695.3593272750418
55.94375978531303,-3.1845584466982673,SSW,55.94348262145327,-3.1846732517279768,691.4801553778573,694.1093272750418
55.94348262145327,-3.1846732517279768,NNE,55.94375978531303,-3.1845584466982673,691.4801553778573,692.8593272750418
55.94375978531303,-3.1845584466982673,NNW,55.944036949172784,-3.1846732517279768,691.4801553778573,691.6093272750418
55.944036949172784,-3.1846732517279768,NNW,55.94431411303254,-3.1847880567576863,691.4801553778573,690.3593272750418
55.94431411303254,-3.1847880567576863,N,55.94461411303254,-3.1847880567576863,789.3000550549559,701.7356607889257
55.94461411303254,-3.1847880567576863,SW,55.94440198099819,-3.185000188792042,789.3000550549559,700.4856607889257
55.94440198099819,-3.185000188792042,NNW,55.94467914485794,-3.1851149938217516,789.3000550549559,699.2356607889257
55.94467914485794,-3.1851149938217516,NNW,55.9449563087177,-3.185229798851461,789.3000550549559,697.9856607889257
55.9449563087177,-3.185229798851461,E,55.9449563087177,-3.184929798851461,789.3000550549559,696.7356607889257
55.9449563087177,-3.184929798851461,W,55.9449563087177,-3.185229798851461,789.3000550549559,695.4856607889257
55.9449563087177,-3.185229798851461,NNW,55.945233472577456,-3.1853446038811706,789.3000550549559,694.2356607889257
55.945233472577456,-3.1853446038811706,S,55.94493347257745,-3.1853446038811706,789.3000550549559,692.9856607889257
55.94493347257745,-3.1853446038811706,SSW,55.9446563087177,-3.18545940891088,789.3000550549559,691.7356607889257
55.9446563087177,-3.18545940891088,WSW,55.94454150368799,-3.1857365727706335,789.3000550549559,690.4856607889257
55.94454150368799,-3.1857365727706335,SE,55.94432937165363,-3.1855244407362777,789.3000550549559,689.2356607889257
55.94432937165363,-3.1855244407362777,E,55.94432937165363,-3.1852244407362775,789.3000550549559,687.9856607889257
55.94432937165363,-3.1852244407362775,NNE,55.94460653551339,-3.185109635706568,789.3000550549559,686.7356607889257
55.94460653551339,-3.185109635706568,ESE,55.944491730483676,-3.1848324718468146,789.3000550549559,685.4856607889257
55.944491730483676,-3.1848324718468146,ENE,55.94460653551339,-3.184555307987061,789.3000550549559,684.2356607889257
55.94460653551339,-3.184555307987061,SSE,55.94432937165363,-3.1844405029573517,789.3000550549559,682.9856607889257
55.94432937165363,-3.1844405029573517,WSW,55.94421456662392,-3.184717666817105,789.3000550549559,681.7356607889257
55.94421456662392,-3.184717666817105,SE,55.944002434589564,-3.1845055347827493,789.3000550549559,680.4856607889257
55.944002434589564,-3.1845055347827493,SSW,55.94372527072981,-3.184620339812459,789.3000550549559,679.2356607889257
55.94372527072981,-3.184620339812459,E,55.94372527072981,-3.1843203398124587,789.3000550549559,677.9856607889257
55.94372527072981,-3.1843203398124587,NNW,55.944002434589564,-3.184435144842168,789.3000550549559,676.7356607889257
55.944002434589564,-3.184435144842168,NNW,55.94427959844932,-3.1845499498718777,789.3000550549559,675.4856607889257
55.94427959844932,-3.1845499498718777,SE,55.944067466414964,-3.184337817837522,789.3000550549559,674.2356607889257
55.944067466414964,-3.184337817837522,SSW,55.94379030255521,-3.1844526228672314,789.3000550549559,672.9856607889257
55.94379030255521,-3.1844526228672314,WSW,55.9436754975255,-3.184729786726985,789.3000550549559,671.7356607889257
55.9436754975255,-3.184729786726985,E,55.9436754975255,-3.1844297867269846,789.3000550549559,670.4856607889257
55.9436754975255,-3.1844297867269846,WSW,55.94356069249579,-3.184706950586738,789.3000550549559,669.2356607889257
55.94356069249579,-3.184706950586738,S,55.943260692495784,-3.184706950586738,789.3000550549559,667.9856607889257
55.943260692495784,-3.184706950586738,NW,55.94347282453014,-3.184919082621094,789.3000550549559,666.7356607889257
55.94347282453014,-3.184919082621094,SW,55.943260692495784,-3.1851312146554496,789.3000550549559,665.4856607889257
55.943260692495784,-3.1851312146554496,E,55.943260692495784,-3.1848312146554494,789.3000550549559,664.2356607889257
55.943260692495784,-3.1848312146554494,SSW,55.94298352863603,-3.184946019685159,789.3000550549559,662.9856607889257
55.94298352863603,-3.184946019685159,WNW,55.94309833366574,-3.1852231835449123,789.3000550549559,661.7356607889257
55.94309833366574,-3.1852231835449123,SSE,55.94282116980598,-3.185108378515203,789.3000550549559,660.4856607889257
55.94282116980598,-3.185108378515203,E,55.94282116980598,-3.1848083785152026,789.3000550549559,659.2356607889257
55.94282116980598,-3.1848083785152026,ESE,55.94270636477627,-3.184531214655449,789.3000550549559,657.9856607889257
55.94270636477627,-3.184531214655449,WNW,55.94282116980598,-3.1848083785152026,789.3000550549559,656.7356607889257
55.94282116980598,-3.1848083785152026,ESE,55.94270636477627,-3.184531214655449,789.3000550549559,655.4856607889257
55.94270636477627,-3.184531214655449,W,55.94270636477627,-3.1848312146554494,789.3000550549559,654.2356607889257
55.94270636477627,-3.1848312146554494,NW,55.94291849681063,-3.185043346689805,789.3000550549559,652.9856607889257
55.94291849681063,-3.185043346689805,N,55.94321849681063,-3.185043346689805,789.3000550549559,651.7356607889257
55.94321849681063,-3.185043346689805,NW,55.943430628844986,-3.185255478724161,789.3000550549559,650.4856607889257
55.943430628844986,-3.185255478724161,NW,55.94364276087934,-3.1854676107585167,789.3000550549559,649.2356607889257
55.94364276087934,-3.1854676107585167,SSW,55.943365597019586,-3.185582415788226,789.3000550549559,647.9856607889257
55.943365597019586,-3.185582415788226,SSE,55.94308843315983,-3.1854676107585167,789.3000550549559,646.7356607889257
55.94308843315983,-3.1854676107585167,S,55.942788433159826,-3.1854676107585167,789.3000550549559,645.4856607889257
55.942788433159826,-3.1854676107585167,E,55.942788433159826,-3.1851676107585165,789.3000550549559,644.2356607889257
55.942788433159826,-3.1851676107585165,N,55.94308843315983,-3.1851676107585165,789.3000550549559,642.9856607889257
55.94308843315983,-3.1851676107585165,ESE,55.94297362813012,-3.184890446898763,789.3000550549559,641.7356607889257
55.94297362813012,-3.184890446898763,SSE,55.94269646427036,-3.1847756418690536,789.3000550549559,640.4856607889257
55.94269646427036,-3.1847756418690536,E,55.94269646427036,-3.1844756418690534,789.3000550549559,639.2356607889257
55.94269646427036,-3.1844756418690534,NNE,55.94297362813012,-3.184360836839344,789.3000550549559,637.9856607889257
55.94297362813012,-3.184360836839344,W,55.94297362813012,-3.184660836839344,789.3000550549559,636.7356607889257
55.94297362813012,-3.184660836839344,NNW,55.943250791989875,-3.1847756418690536,789.3000550549559,635.4856607889257
55.943250791989875,-3.1847756418690536,S,55.94295079198987,-3.1847756418690536,789.3000550549559,634.2356607889257
55.94295079198987,-3.1847756418690536,ESE,55.94283598696016,-3.1844984780093,789.3000550549559,632.9856607889257
55.94283598696016,-3.1844984780093,W,55.94283598696016,-3.1847984780093004,789.3000550549559,631.7356607889257
55.94283598696016,-3.1847984780093004,NE,55.94304811899452,-3.1845863459749446,789.3000550549559,630.4856607889257
55.94304811899452,-3.1845863459749446,NW,55.943260251028875,-3.1847984780093004,789.3000550549559,629.2356607889257
55.943260251028875,-3.1847984780093004,SW,55.94304811899452,-3.185010610043656,789.3000550549559,627.9856607889257
55.94304811899452,-3.185010610043656,NNE,55.943325282854275,-3.1848958050139466,789.3000550549559,626.7356607889257
55.943325282854275,-3.1848958050139466,S,55.94302528285427,-3.1848958050139466,789.3000550549559,625.4856607889257
55.94302528285427,-3.1848958050139466,ESE,55.94291047782456,-3.1846186411541932,789.3000550549559,624.2356607889257
55.94291047782456,-3.1846186411541932,ESE,55.94279567279485,-3.18434147729444,789.3000550549559,622.9856607889257
55.94279567279485,-3.18434147729444,WSW,55.94268086776514,-3.1846186411541932,789.3000550549559,621.7356607889257
55.94268086776514,-3.1846186411541932,WNW,55.94279567279485,-3.1848958050139466,789.3000550549559,620.4856607889257
55.94279567279485,-3.1848958050139466,NW,55.94300780482921,-3.1851079370483024,789.3000550549559,619.2356607889257
55.94300780482921,-3.1851079370483024,NE,55.943219936863564,-3.1848958050139466,789.3000550549559,617.9856607889257
55.943219936863564,-3.1848958050139466,N,55.94351993686357,-3.1848958050139466,789.3000550549559,616.7356607889257
55.94351993686357,-3.1848958050139466,NW,55.94373206889792,-3.1851079370483024,789.3000550549559,615.4856607889257
55.94373206889792,-3.1851079370483024,N,55.944032068897926,-3.1851079370483024,789.3000550549559,614.2356607889257
55.944032068897926,-3.1851079370483024,SSE,55.94375490503817,-3.184993132018593,789.3000550549559,612.9856607889257
55.94375490503817,-3.184993132018593,N,55.94405490503817,-3.184993132018593,789.3000550549559,611.7356607889257
55.94405490503817,-3.184993132018593,WNW,55.94416971006788,-3.1852702958783463,789.3000550549559,610.4856607889257
55.94416971006788,-3.1852702958783463,WSW,55.94405490503817,-3.1855474597380997,789.3000550549559,609.2356607889257
55.94405490503817,-3.1855474597380997,SW,55.943842773003816,-3.1857595917724555,789.3000550549559,607.9856607889257
55.943842773003816,-3.1857595917724555,WSW,55.943727967974105,-3.186036755632209,789.3000550549559,606.7356607889257
55.943727967974105,-3.186036755632209,SE,55.94351583593975,-3.185824623597853,789.3000550549559,605.4856607889257
55.94351583593975,-3.185824623597853,NW,55.943727967974105,-3.186036755632209,789.3000550549559,604.2356607889257
55.943727967974105,-3.186036755632209,SSE,55.94345080411435,-3.1859219506024994,789.3000550549559,602.9856607889257
55.94345080411435,-3.1859219506024994,W,55.94345080411435,-3.1862219506024996,789.3000550549559,601.7356607889257
55.94345080411435,-3.1862219506024996,N,55.94375080411435,-3.1862219506024996,789.3000550549559,600.4856607889257
55.94375080411435,-3.1862219506024996,WSW,55.94363599908464,-3.186499114462253,789.3000550549559,599.2356607889257
55.94363599908464,-3.186499114462253,SSW,55.943358835224885,-3.1866139194919625,789.3000550549559,597.9856607889257
55.943358835224885,-3.1866139194919625,NNE,55.94363599908464,-3.186499114462253,789.3000550549559,596.7356607889257
55.94363599908464,-3.186499114462253,ENE,55.94375080411435,-3.1862219506024996,789.3000550549559,595.4856607889257
55.94375080411435,-3.1862219506024996,E,55.94375080411435,-3.1859219506024994,789.3000550549559,594.2356607889257
55.94375080411435,-3.1859219506024994,WNW,55.94386560914406,-3.186199114462253,789.3000550549559,592.9856607889257
55.94386560914406,-3.186199114462253,S,55.94356560914406,-3.186199114462253,789.3000550549559,591.7356607889257
55.94356560914406,-3.186199114462253,SW,55.9433534771097,-3.1864112464966086,789.3000550549559,590.4856607889257
55.9433534771097,-3.1864112464966086,NE,55.94356560914406,-3.186199114462253,789.3000550549559,589.2356607889257
55.94356560914406,-3.186199114462253,WNW,55.94368041417377,-3.186476278322006,789.3000550549559,587.9856607889257
55.94368041417377,-3.186476278322006,W,55.94368041417377,-3.1867762783220064,789.3000550549559,586.7356607889257
55.94368041417377,-3.1867762783220064,NNW,55.943957578033526,-3.186891083351716,789.3000550549559,585.4856607889257
55.943957578033526,-3.186891083351716,NNE,55.94423474189328,-3.1867762783220064,789.3000550549559,584.2356607889257
55.94423474189328,-3.1867762783220064,NNE,55.94451190575304,-3.186661473292297,846.9015906111697,695.1157620856268
55.94451190575304,-3.186661473292297,NNW,55.944789069612796,-3.1867762783220064,846.9015906111697,693.8657620856268
55.944789069612796,-3.1867762783220064,SSE,55.94451190575304,-3.186661473292297,846.9015906111697,692.6157620856268
55.94451190575304,-3.186661473292297,W,55.94451190575304,-3.186961473292297,846.9015906111697,691.3657620856268
55.94451190575304,-3.186961473292297,SW,55.94429977371868,-3.187173605326653,846.9015906111697,690.1157620856268
55.94429977371868,-3.187173605326653,SE,55.94408764168433,-3.186961473292297,846.9015906111697,688.8657620856268
55.94408764168433,-3.186961473292297,SE,55.94387550964997,-3.1867493412579413,846.9015906111697,687.6157620856268
55.94387550964997,-3.1867493412579413,SSE,55.943598345790214,-3.186634536228232,846.9015906111697,686.3657620856268
55.943598345790214,-3.186634536228232,S,55.94329834579021,-3.186634536228232,846.9015906111697,685.1157620856268
55.94329834579021,-3.186634536228232,NNE,55.94357550964997,-3.1865197311985223,846.9015906111697,683.8657620856268
55.94357550964997,-3.1865197311985223,N,55.94387550964997,-3.1865197311985223,846.9015906111697,682.6157620856268
55.94387550964997,-3.1865197311985223,W,55.94387550964997,-3.1868197311985225,846.9015906111697,681.3657620856268
55.94387550964997,-3.1868197311985225,NW,55.94408764168433,-3.1870318632328782,846.9015906111697,680.1157620856268
55.94408764168433,-3.1870318632328782,WNW,55.94420244671404,-3.1873090270926316,846.9015906111697,678.8657620856268
55.94420244671404,-3.1873090270926316,NE,55.94441457874839,-3.187096895058276,846.9015906111697,677.6157620856268
55.94441457874839,-3.187096895058276,SSE,55.94413741488864,-3.1869820900285664,846.9015906111697,676.3657620856268
55.94413741488864,-3.1869820900285664,E,55.94413741488864,-3.186682090028566,846.9015906111697,675.1157620856268
55.94413741488864,-3.186682090028566,WSW,55.944022609858926,-3.1869592538883196,846.9015906111697,673.8657620856268
55.944022609858926,-3.1869592538883196,WSW,55.943907804829216,-3.187236417748073,846.9015906111697,672.6157620856268
55.943907804829216,-3.187236417748073,SE,55.94369567279486,-3.187024285713717,846.9015906111697,671.3657620856268
55.94369567279486,-3.187024285713717,S,55.94339567279486,-3.187024285713717,846.9015906111697,670.1157620856268
55.94339567279486,-3.187024285713717,SSW,55.9431185089351,-3.1871390907434267,846.9015906111697,668.8657620856268
55.9431185089351,-3.1871390907434267,NE,55.94333064096946,-3.186926958709071,846.9015906111697,667.6157620856268
55.94333064096946,-3.186926958709071,SSE,55.9430534771097,-3.1868121536793614,846.9015906111697,666.3657620856268
55.9430534771097,-3.1868121536793614,SE,55.942841345075344,-3.1866000216450057,846.9015906111697,665.1157620856268
55.942841345075344,-3.1866000216450057,W,55.942841345075344,-3.186900021645006,846.9015906111697,663.8657620856268
55.942841345075344,-3.186900021645006,WSW,55.94272654004563,-3.1871771855047593,846.9015906111697,662.6157620856268
55.94272654004563,-3.1871771855047593,NW,55.94293867207999,-3.187389317539115,846.9015906111697,661.3657620856268
55.94293867207999,-3.187389317539115,WSW,55.94282386705028,-3.1876664813988684,846.9015906111697,660.1157620856268
55.94282386705028,-3.1876664813988684,ESE,55.94270906202057,-3.187389317539115,846.9015906111697,658.8657620856268
55.94270906202057,-3.187389317539115,N,55.94300906202057,-3.187389317539115,846.9015906111697,657.6157620856268
55.94300906202057,-3.187389317539115,ENE,55.94312386705028,-3.1871121536793616,846.9015906111697,656.3657620856268
55.94312386705028,-3.1871121536793616,ENE,55.94323867207999,-3.186834989819608,846.9015906111697,655.1157620856268
55.94323867207999,-3.186834989819608,N,55.943538672079995,-3.186834989819608,846.9015906111697,653.8657620856268
55.943538672079995,-3.186834989819608,NE,55.94375080411435,-3.1866228577852524,846.9015906111697,652.6157620856268
55.94375080411435,-3.1866228577852524,WNW,55.94386560914406,-3.186900021645006,846.9015906111697,651.3657620856268
55.94386560914406,-3.186900021645006,ENE,55.94398041417377,-3.1866228577852524,846.9015906111697,650.1157620856268
55.94398041417377,-3.1866228577852524,NW,55.94419254620813,-3.186834989819608,846.9015906111697,648.8657620856268
55.94419254620813,-3.186834989819608,S,55.943892546208126,-3.186834989819608,846.9015906111697,647.6157620856268
55.943892546208126,-3.186834989819608,NW,55.94410467824248,-3.187047121853964,846.9015906111697,646.3657620856268
55.94410467824248,-3.187047121853964,NE,55.94431681027684,-3.186834989819608,846.9015906111697,645.1157620856268
55.94431681027684,-3.186834989819608,ENE,55.94443161530655,-3.186557825959855,846.9015906111697,643.8657620856268
55.94443161530655,-3.186557825959855,WNW,55.94454642033626,-3.186834989819608,846.9015906111697,642.6157620856268
55.94454642033626,-3.186834989819608,SE,55.9443342883019,-3.1866228577852524,846.9015906111697,641.3657620856268
55.9443342883019,-3.1866228577852524,S,55.9440342883019,-3.1866228577852524,846.9015906111697,640.1157620856268
55.9440342883019,-3.1866228577852524,SSW,55.94375712444214,-3.186737662814962,846.9015906111697,638.8657620856268
55.94375712444214,-3.186737662814962,ENE,55.943871929471854,-3.1864604989552086,846.9015906111697,637.6157620856268
55.943871929471854,-3.1864604989552086,N,55.94417192947186,-3.1864604989552086,846.9015906111697,636.3657620856268
55.94417192947186,-3.1864604989552086,SSW,55.9438947656121,-3.186575303984918,846.9015906111697,635.1157620856268
55.9438947656121,-3.186575303984918,NNE,55.94417192947186,-3.1864604989552086,846.9015906111697,633.8657620856268
55.94417192947186,-3.1864604989552086,N,55.94447192947186,-3.1864604989552086,846.9015906111697,632.6157620856268
55.94447192947186,-3.1864604989552086,W,55.94447192947186,-3.1867604989552087,846.9015906111697,631.3657620856268
55.94447192947186,-3.1867604989552087,NW,55.944684061506216,-3.1869726309895645,846.9015906111697,630.1157620856268
55.944684061506216,-3.1869726309895645,ESE,55.944569256476505,-3.186695467129811,846.9015906111697,628.8657620856268
55.944569256476505,-3.186695467129811,E,55.944569256476505,-3.186395467129811,846.9015906111697,627.6157620856268
55.944569256476505,-3.186395467129811,WSW,55.944454451446795,-3.1866726309895643,846.9015906111697,626.3657620856268
55.944454451446795,-3.1866726309895643,NW,55.94466658348115,-3.18688476302392,846.9015906111697,625.1157620856268
55.94466658348115,-3.18688476302392,E,55.94466658348115,-3.18658476302392,846.9015906111697,623.8657620856268
55.94466658348115,-3.18658476302392,WSW,55.94455177845144,-3.1868619268836733,846.9015906111697,622.6157620856268
55.94455177845144,-3.1868619268836733,SW,55.944339646417085,-3.187074058918029,846.9015906111697,621.3657620856268
55.944339646417085,-3.187074058918029,ENE,55.944454451446795,-3.1867968950582757,846.9015906111697,620.1157620856268
55.944454451446795,-3.1867968950582757,NNW,55.94473161530655,-3.186911700087985,846.9015906111697,618.8657620856268
55.94473161530655,-3.186911700087985,WNW,55.94484642033626,-3.1871888639477386,846.9015906111697,617.6157620856268
55.94484642033626,-3.1871888639477386,SW,55.944634288301906,-3.1874009959820944,846.9015906111697,616.3657620856268
55.944634288301906,-3.1874009959820944,NNE,55.94491145216166,-3.187286190952385,846.9015906111697,615.1157620856268
55.94491145216166,-3.187286190952385,SE,55.944699320127306,-3.187074058918029,846.9015906111697,613.8657620856268
55.944699320127306,-3.187074058918029,NNW,55.94497648398706,-3.1871888639477386,846.9015906111697,612.6157620856268
55.94497648398706,-3.1871888639477386,SSE,55.944699320127306,-3.187074058918029,846.9015906111697,611.3657620856268
55.944699320127306,-3.187074058918029,S,55.9443993201273,-3.187074058918029,846.9015906111697,610.1157620856268
55.9443993201273,-3.187074058918029,NNW,55.94467648398706,-3.1871888639477386,846.9015906111697,608.8657620856268
55.94467648398706,-3.1871888639477386,ENE,55.94479128901677,-3.186911700087985,846.9015906111697,607.6157620856268
55.94479128901677,-3.186911700087985,SSW,55.94451412515701,-3.1870265051176947,846.9015906111697,606.3657620856268
55.94451412515701,-3.1870265051176947,S,55.94421412515701,-3.1870265051176947,846.9015906111697,605.1157620856268
55.94421412515701,-3.1870265051176947,WNW,55.94432893018672,-3.187303668977448,846.9015906111697,603.8657620856268
55.94432893018672,-3.187303668977448,ENE,55.94444373521643,-3.1870265051176947,846.9015906111697,602.6157620856268
55.94444373521643,-3.1870265051176947,ESE,55.94432893018672,-3.1867493412579413,846.9015906111697,601.3657620856268
55.94432893018672,-3.1867493412579413,SW,55.944116798152365,-3.186961473292297,846.9015906111697,600.1157620856268
55.944116798152365,-3.186961473292297,SW,55.94390466611801,-3.187173605326653,846.9015906111697,598.8657620856268
55.94390466611801,-3.187173605326653,SE,55.94369253408365,-3.186961473292297,846.9015906111697,597.6157620856268
55.94369253408365,-3.186961473292297,NNW,55.94396969794341,-3.1870762783220066,846.9015906111697,596.3657620856268
55.94396969794341,-3.1870762783220066,SSW,55.94369253408365,-3.187191083351716,846.9015906111697,595.1157620856268
