55.944425,-3.188396,N,55.944725000000005,-3.188396,0.0,248.75
55.944725000000005,-3.188396,N,55.94502500000001,-3.188396,25.52086040381181,275.49680392551267
55.94502500000001,-3.188396,WNW,55.94513980502972,-3.1886731638597534,37.34856832106781,289.6299088508283
55.94513980502972,-3.1886731638597534,NE,55.945351937064075,-3.1884610318253976,37.34856832106781,288.3799088508283
55.945351937064075,-3.1884610318253976,NE,55.94556406909843,-3.188248899791042,37.34856832106781,287.1299088508283
55.94556406909843,-3.188248899791042,NNE,55.94584123295819,-3.1881340947613324,151.30565074614864,368.96686062613543
55.94584123295819,-3.1881340947613324,NE,55.946053364992544,-3.1879219627269766,151.30565074614864,367.71686062613543
55.946053364992544,-3.1879219627269766,E,55.946053364992544,-3.1876219627269764,151.30565074614864,366.46686062613543
55.946053364992544,-3.1876219627269764,SE,55.94584123295819,-3.1874098306926206,151.30565074614864,365.21686062613543
55.94584123295819,-3.1874098306926206,S,55.945541232958185,-3.1874098306926206,156.89925338556677,404.12884412282995
55.945541232958185,-3.1874098306926206,S,55.94524123295818,-3.1874098306926206,156.89925338556677,402.87884412282995
55.94524123295818,-3.1874098306926206,S,55.94494123295818,-3.1874098306926206,156.89925338556677,401.62884412282995
55.94494123295818,-3.1874098306926206,SSE,55.94466406909842,-3.187295025662911,276.26401225544646,487.12274595742485
55.94466406909842,-3.187295025662911,SW,55.944451937064066,-3.187507157697267,276.26401225544646,485.87274595742485
55.944451937064066,-3.187507157697267,ESE,55.944337132034356,-3.1872299938375135,276.26401225544646,484.62274595742485
55.944337132034356,-3.1872299938375135,S,55.94403713203435,-3.1872299938375135,291.7608751446053,504.74565619196983
55.94403713203435,-3.1872299938375135,SSW,55.9437599681746,-3.187344798867223,322.949538723355,608.5006187760754
55.9437599681746,-3.187344798867223,S,55.943459968174594,-3.187344798867223,322.949538723355,607.2506187760754
55.943459968174594,-3.187344798867223,SSW,55.94318280431484,-3.1874596038969325,322.949538723355,606.0006187760754
55.94318280431484,-3.1874596038969325,SE,55.94297067228048,-3.1872474718625767,434.7436957968975,723.5898396126515
55.94297067228048,-3.1872474718625767,ENE,55.94308547731019,-3.1869703080028233,434.7436957968975,722.3398396126515
55.94308547731019,-3.1869703080028233,E,55.94308547731019,-3.186670308002823,434.7436957968975,721.0898396126515
55.94308547731019,-3.186670308002823,ENE,55.9432002823399,-3.1863931441430697,434.7436957968975,719.8398396126515
55.9432002823399,-3.1863931441430697,NE,55.94341241437426,-3.186181012108714,531.6109270212662,768.398679892571
55.94341241437426,-3.186181012108714,SE,55.9432002823399,-3.185968880074358,531.6109270212662,767.148679892571
55.9432002823399,-3.185968880074358,SE,55.942988150305546,-3.1857567480400024,643.409336409634,800.3669995693
55.942988150305546,-3.1857567480400024,NNE,55.9432653141653,-3.185641943010293,643.409336409634,799.1169995693
55.9432653141653,-3.185641943010293,NNE,55.94354247802506,-3.1855271379805834,643.409336409634,797.8669995693
55.94354247802506,-3.1855271379805834,N,55.94384247802506,-3.1855271379805834,662.9177471018801,871.3240012184269
55.94384247802506,-3.1855271379805834,WNW,55.94395728305477,-3.185804301840337,662.9177471018801,870.0740012184269
55.94395728305477,-3.185804301840337,WNW,55.94407208808448,-3.18608146570009,662.9177471018801,868.8240012184269
55.94407208808448,-3.18608146570009,W,55.94407208808448,-3.1863814657000904,759.6797491130334,901.1964647969318
55.94407208808448,-3.1863814657000904,NNE,55.94434925194424,-3.186266660670381,759.6797491130334,899.9464647969318
55.94434925194424,-3.186266660670381,NNE,55.944626415803995,-3.1861518556406714,759.6797491130334,898.6964647969318
55.944626415803995,-3.1861518556406714,NNE,55.94490357966375,-3.186037050610962,759.6797491130334,897.4464647969318
55.94490357966375,-3.186037050610962,NNE,55.94518074352351,-3.1859222455812524,759.6797491130334,896.1964647969318
55.94518074352351,-3.1859222455812524,NNE,55.945457907383265,-3.185807440551543,759.6797491130334,894.9464647969318
55.945457907383265,-3.185807440551543,N,55.94575790738327,-3.185807440551543,799.4977758630137,1005.8909265308245
55.94575790738327,-3.185807440551543,ESE,55.94564310235356,-3.1855302766917895,799.4977758630137,1004.6409265308245
55.94564310235356,-3.1855302766917895,ESE,55.94552829732385,-3.185253112832036,799.4977758630137,1003.3909265308245
55.94552829732385,-3.185253112832036,ESE,55.945413492294136,-3.1849759489722826,799.4977758630137,1002.1409265308245
55.945413492294136,-3.1849759489722826,E,55.945413492294136,-3.1846759489722825,938.9476240780592,1163.5635612149217
55.945413492294136,-3.1846759489722825,N,55.94571349229414,-3.1846759489722825,1052.5431646610348,1223.0327288510541
55.94571349229414,-3.1846759489722825,SSE,55.94543632843438,-3.184561143942573,1052.5431646610348,1221.7827288510541
55.94543632843438,-3.184561143942573,SSE,55.945159164574626,-3.1844463389128634,1052.5431646610348,1220.5327288510541
55.945159164574626,-3.1844463389128634,SSE,55.94488200071487,-3.184331533883154,1094.866549931046,1284.581104737145
55.94488200071487,-3.184331533883154,S,55.94458200071487,-3.184331533883154,1094.866549931046,1283.331104737145
55.94458200071487,-3.184331533883154,S,55.944282000714864,-3.184331533883154,1094.866549931046,1282.081104737145
55.944282000714864,-3.184331533883154,S,55.94398200071486,-3.184331533883154,1094.866549931046,1280.831104737145
55.94398200071486,-3.184331533883154,S,55.94368200071486,-3.184331533883154,1094.866549931046,1279.581104737145
55.94368200071486,-3.184331533883154,S,55.943382000714855,-3.184331533883154,1206.004538622381,1396.2780838232625
55.943382000714855,-3.184331533883154,W,55.943382000714855,-3.184631533883154,1206.004538622381,1395.0280838232625
55.943382000714855,-3.184631533883154,W,55.943382000714855,-3.1849315338831543,1206.004538622381,1393.7780838232625
55.943382000714855,-3.1849315338831543,NW,55.94359413274921,-3.18514366591751,1206.004538622381,1392.5280838232625
55.94359413274921,-3.18514366591751,WSW,55.9434793277195,-3.1854208297772635,1206.004538622381,1391.2780838232625
55.9434793277195,-3.1854208297772635,WSW,55.94336452268979,-3.185697993637017,1206.004538622381,1390.0280838232625
55.94336452268979,-3.185697993637017,W,55.94336452268979,-3.185997993637017,1206.004538622381,1388.7780838232625
55.94336452268979,-3.185997993637017,WSW,55.94324971766008,-3.1862751574967705,1206.004538622381,1387.5280838232625
55.94324971766008,-3.1862751574967705,W,55.94324971766008,-3.1865751574967707,1206.004538622381,1386.2780838232625
55.94324971766008,-3.1865751574967707,WSW,55.94313491263037,-3.186852321356524,1206.004538622381,1385.0280838232625
55.94313491263037,-3.186852321356524,W,55.94313491263037,-3.1871523213565243,1206.004538622381,1383.7780838232625
55.94313491263037,-3.1871523213565243,WSW,55.94302010760066,-3.1874294852162777,1206.004538622381,1382.5280838232625
55.94302010760066,-3.1874294852162777,W,55.94302010760066,-3.187729485216278,1206.004538622381,1381.2780838232625
55.94302010760066,-3.187729485216278,WSW,55.94290530257095,-3.1880066490760313,1206.004538622381,1380.0280838232625
55.94290530257095,-3.1880066490760313,W,55.94290530257095,-3.1883066490760315,1206.004538622381,1378.7780838232625
55.94290530257095,-3.1883066490760315,WSW,55.94279049754124,-3.188583812935785,1206.004538622381,1377.5280838232625
55.94279049754124,-3.188583812935785,W,55.94279049754124,-3.188883812935785,1206.004538622381,1376.2780838232625
55.94279049754124,-3.188883812935785,WSW,55.94267569251153,-3.1891609767955384,1310.6819787227832,1446.1548754337457
55.94267569251153,-3.1891609767955384,NNW,55.942952856371285,-3.189275781825248,1310.6819787227832,1444.9048754337457
55.942952856371285,-3.189275781825248,NNW,55.94323002023104,-3.1893905868549575,1310.6819787227832,1443.6548754337457
55.94323002023104,-3.1893905868549575,NNW,55.9435071840908,-3.189505391884667,1310.6819787227832,1442.4048754337457
55.9435071840908,-3.189505391884667,NNW,55.943784347950555,-3.1896201969143765,1310.6819787227832,1441.1548754337457
55.943784347950555,-3.1896201969143765,NW,55.94399647998491,-3.1898323289487323,1310.6819787227832,1439.9048754337457
55.94399647998491,-3.1898323289487323,N,55.944296479984914,-3.1898323289487323,1412.847287778777,1523.3306388308495
55.944296479984914,-3.1898323289487323,W,55.944296479984914,-3.1901323289487324,1412.847287778777,1522.0806388308495
55.944296479984914,-3.1901323289487324,SW,55.94408434795056,-3.190344460983088,1428.601882887191,1579.6042816330596
55.94408434795056,-3.190344460983088,SSW,55.9438071840908,-3.1904592660127977,1477.2579261420178,1645.5945531071152
55.9438071840908,-3.1904592660127977,SW,55.943595052056445,-3.1906713980471535,1477.2579261420178,1644.3445531071152
55.943595052056445,-3.1906713980471535,WSW,55.943480247026734,-3.190948561906907,1509.4631733817457,1730.8414817947462
55.943480247026734,-3.190948561906907,N,55.94378024702674,-3.190948561906907,1509.4631733817457,1729.5914817947462
55.94378024702674,-3.190948561906907,NW,55.94399237906109,-3.1911606939412627,1509.4631733817457,1728.3414817947462
55.94399237906109,-3.1911606939412627,NW,55.94420451109545,-3.1913728259756184,1509.4631733817457,1727.0914817947462
55.94420451109545,-3.1913728259756184,NW,55.944416643129806,-3.191584958009974,1509.4631733817457,1725.8414817947462
55.944416643129806,-3.191584958009974,N,55.94471664312981,-3.191584958009974,1522.5729792878149,1752.2796306927048
55.94471664312981,-3.191584958009974,WSW,55.9446018381001,-3.1918621218697276,1522.5729792878149,1751.0296306927048
55.9446018381001,-3.1918621218697276,W,55.9446018381001,-3.192162121869728,1554.632292478314,1833.7034325146064
55.9446018381001,-3.192162121869728,N,55.9449018381001,-3.192162121869728,1554.632292478314,1832.4534325146064
55.9449018381001,-3.192162121869728,N,55.945201838100104,-3.192162121869728,1619.0266416780664,1914.7125931073801
55.945201838100104,-3.192162121869728,NE,55.94541397013446,-3.191949989835372,1619.0266416780664,1913.4625931073801
55.94541397013446,-3.191949989835372,NE,55.945626102168816,-3.1917378578010163,1702.4671393267838,1927.3018738515414
55.945626102168816,-3.1917378578010163,NE,55.94583823420317,-3.1915257257666605,1702.4671393267838,1926.0518738515414
55.94583823420317,-3.1915257257666605,NE,55.94605036623753,-3.1913135937323047,1788.3110366559138,2112.6857406969057
55.94605036623753,-3.1913135937323047,SE,55.94583823420317,-3.191101461697949,1788.3110366559138,2111.4357406969057
55.94583823420317,-3.191101461697949,ESE,55.94572342917346,-3.1908242978381955,1788.3110366559138,2110.1857406969057
55.94572342917346,-3.1908242978381955,SE,55.945511297139106,-3.1906121658038398,1788.3110366559138,2108.9357406969057
55.945511297139106,-3.1906121658038398,ESE,55.945396492109396,-3.1903350019440864,1902.0531461724186,2137.556433521139
55.945396492109396,-3.1903350019440864,ESE,55.945281687079685,-3.190057838084333,1902.0531461724186,2136.306433521139
55.945281687079685,-3.190057838084333,SE,55.94506955504533,-3.189845706049977,1902.0531461724186,2135.056433521139
55.94506955504533,-3.189845706049977,ESE,55.94495475001562,-3.189568542190224,1902.0531461724186,2133.806433521139
55.94495475001562,-3.189568542190224,ESE,55.94483994498591,-3.1892913783304704,1902.0531461724186,2132.556433521139
55.94483994498591,-3.1892913783304704,ESE,55.9447251399562,-3.189014214470717,1902.0531461724186,2131.306433521139
55.9447251399562,-3.189014214470717,ESE,55.94461033492649,-3.1887370506109636,1902.0531461724186,2130.056433521139
55.94461033492649,-3.1887370506109636,ESE,55.94449552989678,-3.18845988675121,1902.0531461724186,2128.806433521139
55.94449552989678,-3.18845988675121,SE,55.94428339786242,-3.1882477547168544,1902.0531461724186,2127.556433521139
55.94428339786242,-3.1882477547168544,ESE,55.94416859283271,-3.187970590857101,1902.0531461724186,2126.306433521139
55.94416859283271,-3.187970590857101,SE,55.943956460798354,-3.1877584588227452,1902.0531461724186,2125.056433521139
55.943956460798354,-3.1877584588227452,ESE,55.943841655768644,-3.187481294962992,1902.0531461724186,2123.806433521139
55.943841655768644,-3.187481294962992,ESE,55.94372685073893,-3.1872041311032384,1902.0531461724186,2122.556433521139
55.94372685073893,-3.1872041311032384,ESE,55.94361204570922,-3.186926967243485,1902.0531461724186,2121.306433521139
55.94361204570922,-3.186926967243485,E,55.94361204570922,-3.186626967243485,1902.0531461724186,2120.056433521139
55.94361204570922,-3.186626967243485,ESE,55.94349724067951,-3.1863498033837314,1902.0531461724186,2118.806433521139
55.94349724067951,-3.1863498033837314,E,55.94349724067951,-3.1860498033837312,1902.0531461724186,2117.556433521139
55.94349724067951,-3.1860498033837312,ESE,55.9433824356498,-3.185772639523978,1902.0531461724186,2116.306433521139
55.9433824356498,-3.185772639523978,E,55.9433824356498,-3.1854726395239776,1902.0531461724186,2115.056433521139
55.9433824356498,-3.1854726395239776,SSE,55.943105271790046,-3.185357834494268,1902.0531461724186,2113.806433521139
55.943105271790046,-3.185357834494268,NNW,55.9433824356498,-3.1854726395239776,1902.0531461724186,2112.556433521139
55.9433824356498,-3.1854726395239776,SSE,55.943105271790046,-3.185357834494268,1902.0531461724186,2111.306433521139
55.943105271790046,-3.185357834494268,NNW,55.9433824356498,-3.1854726395239776,1902.0531461724186,2110.056433521139
55.9433824356498,-3.1854726395239776,WNW,55.94349724067951,-3.185749803383731,1902.0531461724186,2108.806433521139
55.94349724067951,-3.185749803383731,W,55.94349724067951,-3.1860498033837312,1902.0531461724186,2107.556433521139
55.94349724067951,-3.1860498033837312,W,55.94349724067951,-3.1863498033837314,1902.0531461724186,2106.306433521139
55.94349724067951,-3.1863498033837314,W,55.94349724067951,-3.1866498033837316,1902.0531461724186,2105.056433521139
55.94349724067951,-3.1866498033837316,W,55.94349724067951,-3.186949803383732,1902.0531461724186,2103.806433521139
55.94349724067951,-3.186949803383732,W,55.94349724067951,-3.187249803383732,1902.0531461724186,2102.556433521139
55.94349724067951,-3.187249803383732,W,55.94349724067951,-3.187549803383732,1902.0531461724186,2101.306433521139
55.94349724067951,-3.187549803383732,W,55.94349724067951,-3.1878498033837324,1902.0531461724186,2100.056433521139
55.94349724067951,-3.1878498033837324,W,55.94349724067951,-3.1881498033837326,1902.0531461724186,2098.806433521139
55.94349724067951,-3.1881498033837326,W,55.94349724067951,-3.1884498033837327,1902.0531461724186,2097.556433521139
55.94349724067951,-3.1884498033837327,W,55.94349724067951,-3.188749803383733,1902.0531461724186,2096.306433521139
55.94349724067951,-3.188749803383733,W,55.94349724067951,-3.189049803383733,1902.0531461724186,2095.056433521139
55.94349724067951,-3.189049803383733,W,55.94349724067951,-3.1893498033837333,1902.0531461724186,2093.806433521139
55.94349724067951,-3.1893498033837333,W,55.94349724067951,-3.1896498033837335,1902.0531461724186,2092.556433521139
55.94349724067951,-3.1896498033837335,W,55.94349724067951,-3.1899498033837337,1902.0531461724186,2091.306433521139
55.94349724067951,-3.1899498033837337,WNW,55.94361204570922,-3.190226967243487,1902.0531461724186,2090.056433521139
55.94361204570922,-3.190226967243487,W,55.94361204570922,-3.1905269672434873,1902.0531461724186,2088.806433521139
55.94361204570922,-3.1905269672434873,W,55.94361204570922,-3.1908269672434875,1902.0531461724186,2087.556433521139
55.94361204570922,-3.1908269672434875,WSW,55.94349724067951,-3.191104131103241,1902.0531461724186,2086.306433521139
55.94349724067951,-3.191104131103241,W,55.94349724067951,-3.191404131103241,1902.0531461724186,2085.056433521139
55.94349724067951,-3.191404131103241,W,55.94349724067951,-3.1917041311032412,1902.0531461724186,2083.806433521139
55.94349724067951,-3.1917041311032412,SW,55.943285108645156,-3.191916263137597,1902.0531461724186,2082.556433521139
55.943285108645156,-3.191916263137597,NNE,55.94356227250491,-3.1918014581078875,1902.0531461724186,2081.306433521139
55.94356227250491,-3.1918014581078875,NNW,55.94383943636467,-3.191916263137597,1902.0531461724186,2080.056433521139
55.94383943636467,-3.191916263137597,SSE,55.94356227250491,-3.1918014581078875,1902.0531461724186,2078.806433521139
55.94356227250491,-3.1918014581078875,NNW,55.94383943636467,-3.191916263137597,1902.0531461724186,2077.556433521139
55.94383943636467,-3.191916263137597,SSE,55.94356227250491,-3.1918014581078875,1902.0531461724186,2076.306433521139
55.94356227250491,-3.1918014581078875,N,55.943862272504916,-3.1918014581078875,1902.0531461724186,2075.056433521139
55.943862272504916,-3.1918014581078875,E,55.943862272504916,-3.1915014581078873,1902.0531461724186,2073.806433521139
55.943862272504916,-3.1915014581078873,NE,55.94407440453927,-3.1912893260735316,1902.0531461724186,2072.556433521139
55.94407440453927,-3.1912893260735316,ENE,55.94418920956898,-3.191012162213778,1902.0531461724186,2071.306433521139
55.94418920956898,-3.191012162213778,E,55.94418920956898,-3.190712162213778,1902.0531461724186,2070.056433521139
55.94418920956898,-3.190712162213778,E,55.94418920956898,-3.1904121622137778,1902.0531461724186,2068.806433521139
55.94418920956898,-3.1904121622137778,E,55.94418920956898,-3.1901121622137776,1902.0531461724186,2067.556433521139
55.94418920956898,-3.1901121622137776,E,55.94418920956898,-3.1898121622137774,1902.0531461724186,2066.306433521139
55.94418920956898,-3.1898121622137774,E,55.94418920956898,-3.189512162213777,1902.0531461724186,2065.056433521139
55.94418920956898,-3.189512162213777,ENE,55.94430401459869,-3.189234998354024,1902.0531461724186,2063.806433521139
55.94430401459869,-3.189234998354024,E,55.94430401459869,-3.1889349983540236,1902.0531461724186,2062.556433521139
55.94430401459869,-3.1889349983540236,ENE,55.9444188196284,-3.18865783449427,1902.0531461724186,2061.306433521139
55.9444188196284,-3.18865783449427,E,55.9444188196284,-3.18835783449427,1902.0531461724186,2060.056433521139
55.9444188196284,-3.18835783449427,SE,55.94420668759405,-3.1881457024599142,1902.0531461724186,2058.806433521139
55.94420668759405,-3.1881457024599142,NW,55.9444188196284,-3.18835783449427,1902.0531461724186,2057.556433521139
55.9444188196284,-3.18835783449427,SE,55.94420668759405,-3.1881457024599142,1902.0531461724186,2056.306433521139
55.94420668759405,-3.1881457024599142,NW,55.9444188196284,-3.18835783449427,1902.0531461724186,2055.056433521139
55.9444188196284,-3.18835783449427,WSW,55.94430401459869,-3.1886349983540234,1902.0531461724186,2053.806433521139
55.94430401459869,-3.1886349983540234,WSW,55.94418920956898,-3.188912162213777,1902.0531461724186,2052.556433521139
55.94418920956898,-3.188912162213777,W,55.94418920956898,-3.189212162213777,1902.0531461724186,2051.306433521139
55.94418920956898,-3.189212162213777,WSW,55.94407440453927,-3.1894893260735304,1902.0531461724186,2050.056433521139
55.94407440453927,-3.1894893260735304,W,55.94407440453927,-3.1897893260735306,1902.0531461724186,2048.806433521139
55.94407440453927,-3.1897893260735306,WSW,55.94395959950956,-3.190066489933284,1902.0531461724186,2047.5564335211388
55.94395959950956,-3.190066489933284,W,55.94395959950956,-3.190366489933284,1902.0531461724186,2046.3064335211388
55.94395959950956,-3.190366489933284,WSW,55.94384479447985,-3.1906436537930376,1902.0531461724186,2045.0564335211388
55.94384479447985,-3.1906436537930376,W,55.94384479447985,-3.190943653793038,1902.0531461724186,2043.8064335211388
55.94384479447985,-3.190943653793038,NW,55.94405692651421,-3.1911557858273936,1902.0531461724186,2042.5564335211388
55.94405692651421,-3.1911557858273936,WSW,55.9439421214845,-3.191432949687147,1902.0531461724186,2041.3064335211388
55.9439421214845,-3.191432949687147,SSW,55.94366495762474,-3.1915477547168565,1902.0531461724186,2040.0564335211388
55.94366495762474,-3.1915477547168565,NNE,55.9439421214845,-3.191432949687147,1902.0531461724186,2038.8064335211388
55.9439421214845,-3.191432949687147,SSW,55.94366495762474,-3.1915477547168565,1902.0531461724186,2037.5564335211388
55.94366495762474,-3.1915477547168565,NNE,55.9439421214845,-3.191432949687147,1902.0531461724186,2036.3064335211388
55.9439421214845,-3.191432949687147,ENE,55.94405692651421,-3.1911557858273936,1902.0531461724186,2035.0564335211388
55.94405692651421,-3.1911557858273936,E,55.94405692651421,-3.1908557858273934,1902.0531461724186,2033.8064335211388
55.94405692651421,-3.1908557858273934,NE,55.944269058548564,-3.1906436537930376,1902.0531461724186,2032.5564335211388
55.944269058548564,-3.1906436537930376,ENE,55.944383863578274,-3.190366489933284,1902.0531461724186,2031.3064335211388
55.944383863578274,-3.190366489933284,ENE,55.944498668607984,-3.190089326073531,1902.0531461724186,2030.0564335211388
55.944498668607984,-3.190089326073531,ENE,55.944613473637695,-3.1898121622137774,1902.0531461724186,2028.8064335211388
55.944613473637695,-3.1898121622137774,ENE,55.944728278667405,-3.189534998354024,1902.0531461724186,2027.5564335211388
55.944728278667405,-3.189534998354024,ENE,55.944843083697116,-3.1892578344942706,1902.0531461724186,2026.3064335211388
55.944843083697116,-3.1892578344942706,ENE,55.944957888726826,-3.188980670634517,1902.0531461724186,2025.0564335211388
55.944957888726826,-3.188980670634517,ENE,55.945072693756536,-3.1887035067747638,1902.0531461724186,2023.8064335211388
55.945072693756536,-3.1887035067747638,ENE,55.94518749878625,-3.1884263429150104,1902.0531461724186,2022.5564335211388
55.94518749878625,-3.1884263429150104,E,55.94518749878625,-3.18812634291501,1902.0531461724186,2021.3064335211388
55.94518749878625,-3.18812634291501,SE,55.94497536675189,-3.1879142108806544,1902.0531461724186,2020.0564335211388
55.94497536675189,-3.1879142108806544,ESE,55.94486056172218,-3.187637047020901,1902.0531461724186,2018.8064335211388
55.94486056172218,-3.187637047020901,ENE,55.94497536675189,-3.1873598831611476,1902.0531461724186,2017.5564335211388
55.94497536675189,-3.1873598831611476,NNE,55.94525253061165,-3.187245078131438,1902.0531461724186,2016.3064335211388
55.94525253061165,-3.187245078131438,NNW,55.945529694471404,-3.1873598831611476,1902.0531461724186,2015.0564335211388
55.945529694471404,-3.1873598831611476,SSE,55.94525253061165,-3.187245078131438,1902.0531461724186,2013.8064335211388
55.94525253061165,-3.187245078131438,NNW,55.945529694471404,-3.1873598831611476,1902.0531461724186,2012.5564335211388
55.945529694471404,-3.1873598831611476,SSE,55.94525253061165,-3.187245078131438,1902.0531461724186,2011.3064335211388
55.94525253061165,-3.187245078131438,NW,55.945464662646,-3.187457210165794,1902.0531461724186,2010.0564335211388
55.945464662646,-3.187457210165794,N,55.945764662646006,-3.187457210165794,1902.0531461724186,2008.8064335211388
55.945764662646006,-3.187457210165794,NNW,55.94604182650576,-3.1875720151955034,1902.0531461724186,2007.5564335211388
55.94604182650576,-3.1875720151955034,W,55.94604182650576,-3.1878720151955036,1902.0531461724186,2006.3064335211388
55.94604182650576,-3.1878720151955036,SW,55.945829694471406,-3.1880841472298593,1902.0531461724186,2005.0564335211388
55.945829694471406,-3.1880841472298593,NE,55.94604182650576,-3.1878720151955036,1902.0531461724186,2003.8064335211388
55.94604182650576,-3.1878720151955036,SW,55.945829694471406,-3.1880841472298593,1902.0531461724186,2002.5564335211388
55.945829694471406,-3.1880841472298593,NE,55.94604182650576,-3.1878720151955036,1902.0531461724186,2001.3064335211388
55.94604182650576,-3.1878720151955036,SW,55.945829694471406,-3.1880841472298593,1902.0531461724186,2000.0564335211388
55.945829694471406,-3.1880841472298593,SSW,55.94555253061165,-3.188198952259569,1902.0531461724186,1998.8064335211388
55.94555253061165,-3.188198952259569,S,55.94525253061165,-3.188198952259569,1902.0531461724186,1997.5564335211388
55.94525253061165,-3.188198952259569,ESE,55.94513772558194,-3.1879217883998154,1902.0531461724186,1996.3064335211388
55.94513772558194,-3.1879217883998154,SSE,55.94486056172218,-3.187806983370106,1902.0531461724186,1995.0564335211388
55.94486056172218,-3.187806983370106,E,55.94486056172218,-3.1875069833701057,1902.0531461724186,1993.8064335211388
55.94486056172218,-3.1875069833701057,W,55.94486056172218,-3.187806983370106,1902.0531461724186,1992.5564335211388
55.94486056172218,-3.187806983370106,E,55.94486056172218,-3.1875069833701057,1902.0531461724186,1991.3064335211388
55.94486056172218,-3.1875069833701057,W,55.94486056172218,-3.187806983370106,1902.0531461724186,1990.0564335211388
55.94486056172218,-3.187806983370106,WNW,55.94497536675189,-3.1880841472298593,1902.0531461724186,1988.8064335211388
55.94497536675189,-3.1880841472298593,SE,55.944763234717534,-3.1878720151955036,1902.0531461724186,1987.5564335211388
55.944763234717534,-3.1878720151955036,WNW,55.944878039747245,-3.188149179055257,1902.0531461724186,1986.3064335211388
55.944878039747245,-3.188149179055257,E,55.944878039747245,-3.1878491790552568,1902.0531461724186,1985.0564335211388
55.944878039747245,-3.1878491790552568,W,55.944878039747245,-3.188149179055257,1902.0531461724186,1983.8064335211388
55.944878039747245,-3.188149179055257,ESE,55.944763234717534,-3.1878720151955036,1902.0531461724186,1982.5564335211388
55.944763234717534,-3.1878720151955036,SE,55.94455110268318,-3.187659883161148,1902.0531461724186,1981.3064335211388
55.94455110268318,-3.187659883161148,ESE,55.94443629765347,-3.1873827193013944,1902.0531461724186,1980.0564335211388
55.94443629765347,-3.1873827193013944,WNW,55.94455110268318,-3.187659883161148,1902.0531461724186,1978.8064335211388
55.94455110268318,-3.187659883161148,ESE,55.94443629765347,-3.1873827193013944,1902.0531461724186,1977.5564335211388
55.94443629765347,-3.1873827193013944,WNW,55.94455110268318,-3.187659883161148,1902.0531461724186,1976.3064335211388
55.94455110268318,-3.187659883161148,NW,55.944763234717534,-3.1878720151955036,1902.0531461724186,1975.0564335211388
55.944763234717534,-3.1878720151955036,WNW,55.944878039747245,-3.188149179055257,1902.0531461724186,1973.8064335211388
55.944878039747245,-3.188149179055257,WSW,55.944763234717534,-3.1884263429150104,1902.0531461724186,1972.5564335211388
55.944763234717534,-3.1884263429150104,WSW,55.944648429687824,-3.1887035067747638,1902.0531461724186,1971.3064335211388
55.944648429687824,-3.1887035067747638,WSW,55.94453362465811,-3.188980670634517,1902.0531461724186,1970.0564335211388
55.94453362465811,-3.188980670634517,SW,55.94432149262376,-3.189192802668873,1902.0531461724186,1968.8064335211388
55.94432149262376,-3.189192802668873,WSW,55.94420668759405,-3.1894699665286264,1902.0531461724186,1967.5564335211388
55.94420668759405,-3.1894699665286264,SW,55.94399455555969,-3.189682098562982,1902.0531461724186,1966.3064335211388
55.94399455555969,-3.189682098562982,WSW,55.94387975052998,-3.1899592624227355,1902.0531461724186,1965.0564335211388
55.94387975052998,-3.1899592624227355,SW,55.943667618495624,-3.1901713944570913,1902.0531461724186,1963.8064335211388
55.943667618495624,-3.1901713944570913,W,55.943667618495624,-3.1904713944570915,1902.0531461724186,1962.5564335211388
55.943667618495624,-3.1904713944570915,WSW,55.943552813465914,-3.190748558316845,1902.0531461724186,1961.3064335211388
55.943552813465914,-3.190748558316845,WSW,55.9434380084362,-3.1910257221765983,1902.0531461724186,1960.0564335211388
55.9434380084362,-3.1910257221765983,ENE,55.943552813465914,-3.190748558316845,1902.0531461724186,1958.8064335211388
55.943552813465914,-3.190748558316845,WSW,55.9434380084362,-3.1910257221765983,1902.0531461724186,1957.5564335211388
55.9434380084362,-3.1910257221765983,ENE,55.943552813465914,-3.190748558316845,1902.0531461724186,1956.3064335211388
55.943552813465914,-3.190748558316845,ENE,55.943667618495624,-3.1904713944570915,1902.0531461724186,1955.0564335211388
55.943667618495624,-3.1904713944570915,ENE,55.943782423525334,-3.190194230597338,1902.0531461724186,1953.8064335211388
55.943782423525334,-3.190194230597338,ENE,55.943897228555045,-3.1899170667375847,1902.0531461724186,1952.5564335211388
55.943897228555045,-3.1899170667375847,E,55.943897228555045,-3.1896170667375845,1902.0531461724186,1951.3064335211388
55.943897228555045,-3.1896170667375845,ENE,55.944012033584755,-3.189339902877831,1902.0531461724186,1950.0564335211388
55.944012033584755,-3.189339902877831,E,55.944012033584755,-3.189039902877831,1902.0531461724186,1948.8064335211388
55.944012033584755,-3.189039902877831,ENE,55.944126838614466,-3.1887627390180775,1902.0531461724186,1947.5564335211388
55.944126838614466,-3.1887627390180775,E,55.944126838614466,-3.1884627390180773,1902.0531461724186,1946.3064335211388
55.944126838614466,-3.1884627390180773,ENE,55.944241643644176,-3.188185575158324,1902.0531461724186,1945.0564335211388
