55.944425,-3.188396,SSW,55.944147836140246,-3.1885108050297095,0.0,248.75
55.944147836140246,-3.1885108050297095,SW,55.94393570410589,-3.1887229370640653,139.19590593677708,327.2248117637365
55.94393570410589,-3.1887229370640653,WSW,55.94382089907618,-3.1890001009238187,139.19590593677708,325.9748117637365
55.94382089907618,-3.1890001009238187,SW,55.94360876704182,-3.1892122329581745,221.42543944049783,333.110842347847
55.94360876704182,-3.1892122329581745,SSW,55.94333160318207,-3.189327037987884,221.42543944049783,331.860842347847
55.94333160318207,-3.189327037987884,S,55.943031603182064,-3.189327037987884,221.42543944049783,330.610842347847
55.943031603182064,-3.189327037987884,SSE,55.94275443932231,-3.1892122329581745,339.07236417143486,357.2139133895148
55.94275443932231,-3.1892122329581745,E,55.94275443932231,-3.1889122329581743,339.07236417143486,355.9639133895148
55.94275443932231,-3.1889122329581743,ENE,55.94286924435202,-3.188635069098421,364.3934161785279,456.7325661803431
55.94286924435202,-3.188635069098421,ENE,55.94298404938173,-3.1883579052386675,368.4849667401739,467.46599283976855
55.94298404938173,-3.1883579052386675,NNE,55.943261213241485,-3.188243100208958,386.62489993658284,480.79156234686405
55.943261213241485,-3.188243100208958,ESE,55.943146408211774,-3.1879659363492046,386.62489993658284,479.54156234686405
55.943146408211774,-3.1879659363492046,ESE,55.943031603182064,-3.187688772489451,386.62489993658284,478.29156234686405
55.943031603182064,-3.187688772489451,E,55.943031603182064,-3.187388772489451,478.93303144531296,571.1146467858721
55.943031603182064,-3.187388772489451,NE,55.94324373521642,-3.187176640455095,577.955728242438,677.1074904786773
55.94324373521642,-3.187176640455095,E,55.94324373521642,-3.186876640455095,577.955728242438,675.8574904786773
55.94324373521642,-3.186876640455095,E,55.94324373521642,-3.186576640455095,601.2564682669706,742.4144048466316
55.94324373521642,-3.186576640455095,ESE,55.94312893018671,-3.1862994765953414,601.2564682669706,741.1644048466316
55.94312893018671,-3.1862994765953414,ENE,55.94324373521642,-3.186022312735588,720.6787617712558,835.3097765041556
55.94324373521642,-3.186022312735588,ENE,55.94335854024613,-3.1857451488758346,720.6787617712558,834.0597765041556
55.94335854024613,-3.1857451488758346,NNE,55.94363570410589,-3.185630343846125,720.6787617712558,832.8097765041556
55.94363570410589,-3.185630343846125,N,55.94393570410589,-3.185630343846125,722.8559650733016,885.8745299066071
55.94393570410589,-3.185630343846125,WNW,55.9440505091356,-3.1859075077058785,722.8559650733016,884.6245299066071
55.9440505091356,-3.1859075077058785,W,55.9440505091356,-3.1862075077058787,830.9928699795234,963.2800125252678
55.9440505091356,-3.1862075077058787,NE,55.944262641169956,-3.185995375671523,830.9928699795234,962.0300125252678
55.944262641169956,-3.185995375671523,ENE,55.94437744619967,-3.1857182118117695,967.8298588074103,1073.383598145316
55.94437744619967,-3.1857182118117695,W,55.94437744619967,-3.1860182118117697,967.8298588074103,1072.133598145316
55.94437744619967,-3.1860182118117697,W,55.94437744619967,-3.18631821181177,967.8298588074103,1070.883598145316
55.94437744619967,-3.18631821181177,WSW,55.944262641169956,-3.1865953756715233,1003.5743025281332,1078.6035298970066
55.944262641169956,-3.1865953756715233,WNW,55.94437744619967,-3.1868725395312767,1003.5743025281332,1077.3535298970066
55.94437744619967,-3.1868725395312767,WNW,55.94449225122938,-3.18714970339103,1003.5743025281332,1076.1035298970066
55.94449225122938,-3.18714970339103,WNW,55.94460705625909,-3.1874268672507835,1003.5743025281332,1074.8535298970066
55.94460705625909,-3.1874268672507835,W,55.94460705625909,-3.1877268672507837,1007.8622220592431,1078.1431664851814
55.94460705625909,-3.1877268672507837,N,55.94490705625909,-3.1877268672507837,1085.1621943193907,1188.593228401933
55.94490705625909,-3.1877268672507837,W,55.94490705625909,-3.188026867250784,1151.0841873231286,1307.5896079754934
55.94490705625909,-3.188026867250784,WNW,55.9450218612888,-3.1883040311105373,1151.0841873231286,1306.3396079754934
55.9450218612888,-3.1883040311105373,WSW,55.94490705625909,-3.1885811949702907,1245.7216166176722,1339.3890080979202
55.94490705625909,-3.1885811949702907,W,55.94490705625909,-3.188881194970291,1245.7216166176722,1338.1390080979202
55.94490705625909,-3.188881194970291,W,55.94490705625909,-3.189181194970291,1245.7216166176722,1336.8890080979202
55.94490705625909,-3.189181194970291,WSW,55.94479225122938,-3.1894583588300445,1329.2614204523231,1385.7288813743453
55.94479225122938,-3.1894583588300445,NW,55.945004383263736,-3.1896704908644002,1329.2614204523231,1384.4788813743453
55.945004383263736,-3.1896704908644002,NW,55.94521651529809,-3.189882622898756,1329.2614204523231,1383.2288813743453
55.94521651529809,-3.189882622898756,WNW,55.9453313203278,-3.1901597867585094,1329.2614204523231,1381.9788813743453
55.9453313203278,-3.1901597867585094,NW,55.94554345236216,-3.190371918792865,1329.2614204523231,1380.7288813743453
55.94554345236216,-3.190371918792865,W,55.94554345236216,-3.1906719187928654,1423.49841124734,1417.644963794693
55.94554345236216,-3.1906719187928654,W,55.94554345236216,-3.1909719187928656,1423.49841124734,1416.394963794693
55.94554345236216,-3.1909719187928656,SW,55.9453313203278,-3.1911840508272213,1497.6565283991022,1465.1954808537744
55.9453313203278,-3.1911840508272213,SSE,55.945054156468046,-3.191069245797512,1550.5287996064378,1552.7995881223428
55.945054156468046,-3.191069245797512,NW,55.9452662885024,-3.1912813778318676,1550.5287996064378,1551.5495881223428
55.9452662885024,-3.1912813778318676,WNW,55.94538109353211,-3.191558541691621,1550.5287996064378,1550.2995881223428
55.94538109353211,-3.191558541691621,W,55.94538109353211,-3.191858541691621,1657.982222995221,1588.2439763277841
55.94538109353211,-3.191858541691621,W,55.94538109353211,-3.1921585416916214,1778.5520659361778,1647.2667813288172
55.94538109353211,-3.1921585416916214,SSE,55.94510392967236,-3.192043736661912,1778.5520659361778,1646.0167813288172
55.94510392967236,-3.192043736661912,SSE,55.9448267658126,-3.1919289316322024,1778.5520659361778,1644.7667813288172
55.9448267658126,-3.1919289316322024,SSE,55.94454960195284,-3.191814126602493,1875.3565262928612,1763.042240622593
55.94454960195284,-3.191814126602493,SSW,55.94427243809309,-3.1919289316322024,1875.3565262928612,1761.792240622593
55.94427243809309,-3.1919289316322024,SSW,55.94399527423333,-3.192043736661912,1875.3565262928612,1760.542240622593
55.94399527423333,-3.192043736661912,SSW,55.943718110373574,-3.1921585416916214,1875.3565262928612,1759.292240622593
55.943718110373574,-3.1921585416916214,SSW,55.94344094651382,-3.192273346721331,1875.3565262928612,1758.042240622593
55.94344094651382,-3.192273346721331,S,55.943140946513815,-3.192273346721331,1945.8603848229095,1844.713720143647
55.943140946513815,-3.192273346721331,NNE,55.94341811037357,-3.1921585416916214,1945.8603848229095,1843.463720143647
55.94341811037357,-3.1921585416916214,NNE,55.94369527423333,-3.192043736661912,1945.8603848229095,1842.213720143647
55.94369527423333,-3.192043736661912,NNE,55.943972438093084,-3.1919289316322024,1945.8603848229095,1840.963720143647
55.943972438093084,-3.1919289316322024,NNE,55.94424960195284,-3.191814126602493,1945.8603848229095,1839.713720143647
55.94424960195284,-3.191814126602493,NE,55.9444617339872,-3.191601994568137,1945.8603848229095,1838.463720143647
55.9444617339872,-3.191601994568137,NNE,55.94473889784695,-3.1914871895384276,1945.8603848229095,1837.213720143647
55.94473889784695,-3.1914871895384276,NE,55.94495102988131,-3.191275057504072,1945.8603848229095,1835.963720143647
55.94495102988131,-3.191275057504072,NNE,55.945228193741066,-3.1911602524743623,1945.8603848229095,1834.713720143647
55.945228193741066,-3.1911602524743623,NE,55.94544032577542,-3.1909481204400065,1945.8603848229095,1833.463720143647
55.94544032577542,-3.1909481204400065,NNE,55.94571748963518,-3.190833315410297,1945.8603848229095,1832.213720143647
55.94571748963518,-3.190833315410297,NNE,55.945994653494935,-3.1907185103805875,2068.540053678359,1869.446640464276
55.945994653494935,-3.1907185103805875,E,55.945994653494935,-3.1904185103805873,2068.540053678359,1868.196640464276
55.945994653494935,-3.1904185103805873,E,55.945994653494935,-3.190118510380587,2068.540053678359,1866.946640464276
55.945994653494935,-3.190118510380587,E,55.945994653494935,-3.189818510380587,2068.540053678359,1865.696640464276
55.945994653494935,-3.189818510380587,E,55.945994653494935,-3.1895185103805868,2068.540053678359,1864.446640464276
55.945994653494935,-3.1895185103805868,E,55.945994653494935,-3.1892185103805866,2068.540053678359,1863.196640464276
55.945994653494935,-3.1892185103805866,E,55.945994653494935,-3.1889185103805864,2068.540053678359,1861.946640464276
55.945994653494935,-3.1889185103805864,E,55.945994653494935,-3.188618510380586,2068.540053678359,1860.696640464276
55.945994653494935,-3.188618510380586,E,55.945994653494935,-3.188318510380586,2068.540053678359,1859.446640464276
55.945994653494935,-3.188318510380586,E,55.945994653494935,-3.188018510380586,2068.540053678359,1858.196640464276
55.945994653494935,-3.188018510380586,E,55.945994653494935,-3.1877185103805856,2068.540053678359,1856.946640464276
55.945994653494935,-3.1877185103805856,ENE,55.946109458524646,-3.187441346520832,2093.388596134998,1913.4824964831596
55.946109458524646,-3.187441346520832,ESE,55.945994653494935,-3.187164182661079,2093.388596134998,1912.2324964831596
55.945994653494935,-3.187164182661079,E,55.945994653494935,-3.1868641826610786,2093.388596134998,1910.9824964831596
55.945994653494935,-3.1868641826610786,ESE,55.945879848465225,-3.186587018801325,2093.388596134998,1909.7324964831596
55.945879848465225,-3.186587018801325,ENE,55.945994653494935,-3.186309854941572,2212.669986224301,2026.6753769770257
55.945994653494935,-3.186309854941572,ESE,55.945879848465225,-3.1860326910818184,2212.669986224301,2025.4253769770257
55.945879848465225,-3.1860326910818184,ESE,55.945765043435514,-3.185755527222065,2212.669986224301,2024.1753769770257
55.945765043435514,-3.185755527222065,ESE,55.945650238405804,-3.1854783633623116,2212.669986224301,2022.9253769770257
55.945650238405804,-3.1854783633623116,ESE,55.945535433376094,-3.185201199502558,2215.8089417186006,2062.639281792059
55.945535433376094,-3.185201199502558,ENE,55.945650238405804,-3.184924035642805,2215.8089417186006,2061.389281792059
55.945650238405804,-3.184924035642805,ENE,55.945765043435514,-3.1846468717830514,2317.58500373476,2227.086410195599
55.945765043435514,-3.1846468717830514,NNE,55.94604220729527,-3.184532066753342,2344.6193044504234,2258.4724806946906
55.94604220729527,-3.184532066753342,S,55.94574220729527,-3.184532066753342,2344.6193044504234,2257.2224806946906
55.94574220729527,-3.184532066753342,S,55.945442207295265,-3.184532066753342,2344.6193044504234,2255.9724806946906
55.945442207295265,-3.184532066753342,SE,55.94523007526091,-3.184319934718986,2376.4064482717445,2284.818318321226
55.94523007526091,-3.184319934718986,SSW,55.94495291140115,-3.1844347397486956,2376.4064482717445,2283.568318321226
55.94495291140115,-3.1844347397486956,S,55.94465291140115,-3.1844347397486956,2492.088328115245,2331.6003045499215
55.94465291140115,-3.1844347397486956,W,55.94465291140115,-3.184734739748696,2492.088328115245,2330.3503045499215
55.94465291140115,-3.184734739748696,N,55.94495291140115,-3.184734739748696,2492.088328115245,2329.1003045499215
55.94495291140115,-3.184734739748696,SW,55.944740779366796,-3.1849468717830516,2492.088328115245,2327.8503045499215
55.944740779366796,-3.1849468717830516,W,55.944740779366796,-3.1852468717830518,2492.088328115245,2326.6003045499215
55.944740779366796,-3.1852468717830518,WSW,55.944625974337086,-3.185524035642805,2492.088328115245,2325.3503045499215
55.944625974337086,-3.185524035642805,ENE,55.944740779366796,-3.1852468717830518,2492.088328115245,2324.1003045499215
55.944740779366796,-3.1852468717830518,W,55.944740779366796,-3.185546871783052,2492.088328115245,2322.8503045499215
55.944740779366796,-3.185546871783052,NW,55.94495291140115,-3.1857590038174077,2492.088328115245,2321.6003045499215
55.94495291140115,-3.1857590038174077,WSW,55.94483810637144,-3.186036167677161,2492.088328115245,2320.3503045499215
55.94483810637144,-3.186036167677161,WNW,55.94495291140115,-3.1863133315369145,2492.088328115245,2319.1003045499215
55.94495291140115,-3.1863133315369145,WNW,55.94506771643086,-3.186590495396668,2492.088328115245,2317.8503045499215
55.94506771643086,-3.186590495396668,WNW,55.94518252146057,-3.1868676592564213,2492.088328115245,2316.6003045499215
55.94518252146057,-3.1868676592564213,W,55.94518252146057,-3.1871676592564215,2492.088328115245,2315.3503045499215
55.94518252146057,-3.1871676592564215,WNW,55.945297326490284,-3.187444823116175,2492.088328115245,2314.1003045499215
55.945297326490284,-3.187444823116175,W,55.945297326490284,-3.187744823116175,2492.088328115245,2312.8503045499215
55.945297326490284,-3.187744823116175,NNW,55.94557449035004,-3.1878596281458846,2492.088328115245,2311.6003045499215
55.94557449035004,-3.1878596281458846,W,55.94557449035004,-3.188159628145885,2492.088328115245,2310.3503045499215
55.94557449035004,-3.188159628145885,WSW,55.94545968532033,-3.1884367920056382,2492.088328115245,2309.1003045499215
55.94545968532033,-3.1884367920056382,W,55.94545968532033,-3.1887367920056384,2492.088328115245,2307.8503045499215
55.94545968532033,-3.1887367920056384,WNW,55.94557449035004,-3.189013955865392,2492.088328115245,2306.6003045499215
55.94557449035004,-3.189013955865392,W,55.94557449035004,-3.189313955865392,2492.088328115245,2305.3503045499215
55.94557449035004,-3.189313955865392,WNW,55.94568929537975,-3.1895911197251454,2492.088328115245,2304.1003045499215
55.94568929537975,-3.1895911197251454,W,55.94568929537975,-3.1898911197251456,2492.088328115245,2302.8503045499215
55.94568929537975,-3.1898911197251456,WNW,55.94580410040946,-3.190168283584899,2492.088328115245,2301.6003045499215
55.94580410040946,-3.190168283584899,W,55.94580410040946,-3.190468283584899,2492.088328115245,2300.3503045499215
55.94580410040946,-3.190468283584899,WNW,55.94591890543917,-3.1907454474446526,2492.088328115245,2299.1003045499215
55.94591890543917,-3.1907454474446526,W,55.94591890543917,-3.191045447444653,2492.088328115245,2297.8503045499215
55.94591890543917,-3.191045447444653,WNW,55.94603371046888,-3.191322611304406,2492.088328115245,2296.6003045499215
55.94603371046888,-3.191322611304406,SSW,55.945756546609125,-3.1914374163341157,2492.088328115245,2295.3503045499215
55.945756546609125,-3.1914374163341157,WSW,55.945641741579415,-3.191714580193869,2492.088328115245,2294.1003045499215
55.945641741579415,-3.191714580193869,NW,55.94585387361377,-3.191926712228225,2492.088328115245,2292.8503045499215
55.94585387361377,-3.191926712228225,NW,55.94606600564813,-3.1921388442625807,2492.088328115245,2291.6003045499215
55.94606600564813,-3.1921388442625807,WSW,55.94595120061842,-3.192416008122334,2492.088328115245,2290.3503045499215
55.94595120061842,-3.192416008122334,ENE,55.94606600564813,-3.1921388442625807,2492.088328115245,2289.1003045499215
55.94606600564813,-3.1921388442625807,WSW,55.94595120061842,-3.192416008122334,2492.088328115245,2287.8503045499215
55.94595120061842,-3.192416008122334,ENE,55.94606600564813,-3.1921388442625807,2492.088328115245,2286.6003045499215
55.94606600564813,-3.1921388442625807,SE,55.94585387361377,-3.191926712228225,2492.088328115245,2285.3503045499215
55.94585387361377,-3.191926712228225,SE,55.945641741579415,-3.191714580193869,2492.088328115245,2284.1003045499215
55.945641741579415,-3.191714580193869,SSE,55.94536457771966,-3.1915997751641596,2492.088328115245,2282.8503045499215
55.94536457771966,-3.1915997751641596,SSE,55.9450874138599,-3.19148497013445,2492.088328115245,2281.6003045499215
55.9450874138599,-3.19148497013445,SSE,55.944810250000145,-3.1913701651047406,2492.088328115245,2280.3503045499215
55.944810250000145,-3.1913701651047406,SSE,55.94453308614039,-3.191255360075031,2492.088328115245,2279.1003045499215
55.94453308614039,-3.191255360075031,SSE,55.94425592228063,-3.1911405550453216,2492.088328115245,2277.8503045499215
55.94425592228063,-3.1911405550453216,SSE,55.943978758420876,-3.191025750015612,2492.088328115245,2276.6003045499215
55.943978758420876,-3.191025750015612,S,55.94367875842087,-3.191025750015612,2492.088328115245,2275.3503045499215
55.94367875842087,-3.191025750015612,SE,55.94346662638652,-3.1908136179812563,2492.088328115245,2274.1003045499215
55.94346662638652,-3.1908136179812563,SSW,55.94318946252676,-3.190928423010966,2492.088328115245,2272.8503045499215
55.94318946252676,-3.190928423010966,NE,55.94340159456112,-3.19071629097661,2492.088328115245,2271.6003045499215
55.94340159456112,-3.19071629097661,E,55.94340159456112,-3.19041629097661,2492.088328115245,2270.3503045499215
55.94340159456112,-3.19041629097661,SSE,55.94312443070136,-3.1903014859469003,2492.088328115245,2269.1003045499215
55.94312443070136,-3.1903014859469003,SSW,55.9428472668416,-3.19041629097661,2492.088328115245,2267.8503045499215
55.9428472668416,-3.19041629097661,NNE,55.94312443070136,-3.1903014859469003,2492.088328115245,2266.6003045499215
55.94312443070136,-3.1903014859469003,SSW,55.9428472668416,-3.19041629097661,2492.088328115245,2265.3503045499215
55.9428472668416,-3.19041629097661,NNE,55.94312443070136,-3.1903014859469003,2492.088328115245,2264.1003045499215
55.94312443070136,-3.1903014859469003,NNE,55.94340159456112,-3.190186680917191,2492.088328115245,2262.8503045499215
55.94340159456112,-3.190186680917191,NNE,55.94367875842087,-3.1900718758874813,2492.088328115245,2261.6003045499215
55.94367875842087,-3.1900718758874813,NNE,55.94395592228063,-3.189957070857772,2492.088328115245,2260.3503045499215
55.94395592228063,-3.189957070857772,NE,55.944168054314986,-3.189744938823416,2492.088328115245,2259.1003045499215
55.944168054314986,-3.189744938823416,NNE,55.94444521817474,-3.1896301337937065,2492.088328115245,2257.8503045499215
55.94444521817474,-3.1896301337937065,NE,55.9446573502091,-3.1894180017593508,2492.088328115245,2256.6003045499215
55.9446573502091,-3.1894180017593508,NNE,55.944934514068855,-3.1893031967296412,2492.088328115245,2255.3503045499215
55.944934514068855,-3.1893031967296412,E,55.944934514068855,-3.189003196729641,2492.088328115245,2254.1003045499215
55.944934514068855,-3.189003196729641,W,55.944934514068855,-3.1893031967296412,2492.088328115245,2252.8503045499215
55.944934514068855,-3.1893031967296412,E,55.944934514068855,-3.189003196729641,2492.088328115245,2251.6003045499215
55.944934514068855,-3.189003196729641,W,55.944934514068855,-3.1893031967296412,2492.088328115245,2250.3503045499215
55.944934514068855,-3.1893031967296412,WNW,55.945049319098565,-3.1895803605893946,2492.088328115245,2249.1003045499215
55.945049319098565,-3.1895803605893946,WNW,55.945164124128276,-3.189857524449148,2492.088328115245,2247.8503045499215
55.945164124128276,-3.189857524449148,WNW,55.945278929157986,-3.1901346883089015,2492.088328115245,2246.6003045499215
55.945278929157986,-3.1901346883089015,WNW,55.9453937341877,-3.190411852168655,2492.088328115245,2245.3503045499215
55.9453937341877,-3.190411852168655,WNW,55.94550853921741,-3.1906890160284083,2492.088328115245,2244.1003045499215
55.94550853921741,-3.1906890160284083,WNW,55.94562334424712,-3.1909661798881617,2492.088328115245,2242.8503045499215
55.94562334424712,-3.1909661798881617,WNW,55.94573814927683,-3.191243343747915,2492.088328115245,2241.6003045499215
55.94573814927683,-3.191243343747915,NNW,55.946015313136584,-3.1913581487776246,2492.088328115245,2240.3503045499215
55.946015313136584,-3.1913581487776246,NW,55.94622744517094,-3.1915702808119804,2492.088328115245,2239.1003045499215
55.94622744517094,-3.1915702808119804,W,55.94622744517094,-3.1918702808119805,2492.088328115245,2237.8503045499215
55.94622744517094,-3.1918702808119805,SW,55.946015313136584,-3.1920824128463363,2492.088328115245,2236.6003045499215
55.946015313136584,-3.1920824128463363,WSW,55.945900508106874,-3.1923595767060897,2492.088328115245,2235.3503045499215
55.945900508106874,-3.1923595767060897,ENE,55.946015313136584,-3.1920824128463363,2492.088328115245,2234.1003045499215
55.946015313136584,-3.1920824128463363,WSW,55.945900508106874,-3.1923595767060897,2492.088328115245,2232.8503045499215
55.945900508106874,-3.1923595767060897,ENE,55.946015313136584,-3.1920824128463363,2492.088328115245,2231.6003045499215
55.946015313136584,-3.1920824128463363,SE,55.94580318110223,-3.1918702808119805,2492.088328115245,2230.3503045499215
55.94580318110223,-3.1918702808119805,ESE,55.94568837607252,-3.191593116952227,2492.088328115245,2229.1003045499215
55.94568837607252,-3.191593116952227,SE,55.94547624403816,-3.1913809849178714,2492.088328115245,2227.8503045499215
55.94547624403816,-3.1913809849178714,SE,55.945264112003805,-3.1911688528835156,2492.088328115245,2226.6003045499215
55.945264112003805,-3.1911688528835156,SE,55.94505197996945,-3.19095672084916,2492.088328115245,2225.3503045499215
55.94505197996945,-3.19095672084916,SE,55.94483984793509,-3.190744588814804,2492.088328115245,2224.1003045499215
55.94483984793509,-3.190744588814804,SE,55.94462771590074,-3.1905324567804483,2492.088328115245,2222.8503045499215
55.94462771590074,-3.1905324567804483,S,55.944327715900734,-3.1905324567804483,2492.088328115245,2221.6003045499215
55.944327715900734,-3.1905324567804483,N,55.94462771590074,-3.1905324567804483,2492.088328115245,2220.3503045499215
55.94462771590074,-3.1905324567804483,S,55.944327715900734,-3.1905324567804483,2492.088328115245,2219.1003045499215
55.944327715900734,-3.1905324567804483,N,55.94462771590074,-3.1905324567804483,2492.088328115245,2217.8503045499215
55.94462771590074,-3.1905324567804483,NW,55.94483984793509,-3.190744588814804,2492.088328115245,2216.6003045499215
55.94483984793509,-3.190744588814804,NW,55.94505197996945,-3.19095672084916,2492.088328115245,2215.3503045499215
55.94505197996945,-3.19095672084916,NW,55.945264112003805,-3.1911688528835156,2492.088328115245,2214.1003045499215
55.945264112003805,-3.1911688528835156,NW,55.94547624403816,-3.1913809849178714,2492.088328115245,2212.8503045499215
55.94547624403816,-3.1913809849178714,NW,55.94568837607252,-3.191593116952227,2492.088328115245,2211.6003045499215
55.94568837607252,-3.191593116952227,WNW,55.94580318110223,-3.1918702808119805,2492.088328115245,2210.3503045499215
55.94580318110223,-3.1918702808119805,NW,55.946015313136584,-3.1920824128463363,2492.088328115245,2209.1003045499215
55.946015313136584,-3.1920824128463363,WSW,55.945900508106874,-3.1923595767060897,2492.088328115245,2207.8503045499215
55.945900508106874,-3.1923595767060897,ENE,55.946015313136584,-3.1920824128463363,2492.088328115245,2206.6003045499215
55.946015313136584,-3.1920824128463363,WSW,55.945900508106874,-3.1923595767060897,2492.088328115245,2205.3503045499215
55.945900508106874,-3.1923595767060897,ENE,55.946015313136584,-3.1920824128463363,2492.088328115245,2204.1003045499215
55.946015313136584,-3.1920824128463363,SE,55.94580318110223,-3.1918702808119805,2492.088328115245,2202.8503045499215
55.94580318110223,-3.1918702808119805,ESE,55.94568837607252,-3.191593116952227,2492.088328115245,2201.6003045499215
55.94568837607252,-3.191593116952227,E,55.94568837607252,-3.191293116952227,2492.088328115245,2200.3503045499215
55.94568837607252,-3.191293116952227,ESE,55.94557357104281,-3.1910159530924735,2492.088328115245,2199.1003045499215
55.94557357104281,-3.1910159530924735,W,55.94557357104281,-3.1913159530924737,2492.088328115245,2197.8503045499215
55.94557357104281,-3.1913159530924737,SSE,55.94529640718305,-3.1912011480627642,2492.088328115245,2196.6003045499215
55.94529640718305,-3.1912011480627642,ESE,55.94518160215334,-3.190923984203011,2492.088328115245,2195.3503045499215
55.94518160215334,-3.190923984203011,E,55.94518160215334,-3.1906239842030106,2492.088328115245,2194.1003045499215
55.94518160215334,-3.1906239842030106,E,55.94518160215334,-3.1903239842030104,2492.088328115245,2192.8503045499215
55.94518160215334,-3.1903239842030104,E,55.94518160215334,-3.1900239842030103,2492.088328115245,2191.6003045499215
55.94518160215334,-3.1900239842030103,E,55.94518160215334,-3.18972398420301,2492.088328115245,2190.3503045499215
55.94518160215334,-3.18972398420301,E,55.94518160215334,-3.18942398420301,2492.088328115245,2189.1003045499215
55.94518160215334,-3.18942398420301,NNE,55.9454587660131,-3.1893091791733004,2492.088328115245,2187.8503045499215
55.9454587660131,-3.1893091791733004,E,55.9454587660131,-3.1890091791733,2492.088328115245,2186.6003045499215
55.9454587660131,-3.1890091791733,SE,55.94524663397874,-3.1887970471389444,2492.088328115245,2185.3503045499215
55.94524663397874,-3.1887970471389444,NW,55.9454587660131,-3.1890091791733,2492.088328115245,2184.1003045499215
55.9454587660131,-3.1890091791733,SE,55.94524663397874,-3.1887970471389444,2492.088328115245,2182.8503045499215
55.94524663397874,-3.1887970471389444,NW,55.9454587660131,-3.1890091791733,2492.088328115245,2181.6003045499215
55.9454587660131,-3.1890091791733,ESE,55.94534396098339,-3.1887320153135468,2492.088328115245,2180.3503045499215
55.94534396098339,-3.1887320153135468,ESE,55.945229155953676,-3.1884548514537934,2492.088328115245,2179.1003045499215
55.945229155953676,-3.1884548514537934,ESE,55.945114350923966,-3.18817768759404,2492.088328115245,2177.8503045499215
55.945114350923966,-3.18817768759404,SE,55.94490221888961,-3.187965555559684,2492.088328115245,2176.6003045499215
55.94490221888961,-3.187965555559684,ESE,55.9447874138599,-3.187688391699931,2492.088328115245,2175.3503045499215
55.9447874138599,-3.187688391699931,SE,55.94457528182554,-3.187476259665575,2492.088328115245,2174.1003045499215
55.94457528182554,-3.187476259665575,ESE,55.94446047679583,-3.1871990958058216,2492.088328115245,2172.8503045499215
55.94446047679583,-3.1871990958058216,SE,55.944248344761476,-3.186986963771466,2492.088328115245,2171.6003045499215
55.944248344761476,-3.186986963771466,ESE,55.944133539731766,-3.1867097999117124,2492.088328115245,2170.3503045499215
55.944133539731766,-3.1867097999117124,SE,55.94392140769741,-3.1864976678773567,2492.088328115245,2169.1003045499215
55.94392140769741,-3.1864976678773567,ESE,55.9438066026677,-3.1862205040176033,2492.088328115245,2167.8503045499215
55.9438066026677,-3.1862205040176033,S,55.943506602667696,-3.1862205040176033,2492.088328115245,2166.6003045499215
55.943506602667696,-3.1862205040176033,N,55.9438066026677,-3.1862205040176033,2492.088328115245,2165.3503045499215
55.9438066026677,-3.1862205040176033,S,55.943506602667696,-3.1862205040176033,2492.088328115245,2164.1003045499215
55.943506602667696,-3.1862205040176033,N,55.9438066026677,-3.1862205040176033,2492.088328115245,2162.8503045499215
55.9438066026677,-3.1862205040176033,SSW,55.94352943880794,-3.1863353090473128,2492.088328115245,2161.6003045499215
55.94352943880794,-3.1863353090473128,NNE,55.9438066026677,-3.1862205040176033,2492.088328115245,2160.3503045499215
55.9438066026677,-3.1862205040176033,NE,55.944018734702055,-3.1860083719832475,2492.088328115245,2159.1003045499215
55.944018734702055,-3.1860083719832475,W,55.944018734702055,-3.1863083719832477,2492.088328115245,2157.8503045499215
55.944018734702055,-3.1863083719832477,W,55.944018734702055,-3.186608371983248,2492.088328115245,2156.6003045499215
55.944018734702055,-3.186608371983248,WNW,55.944133539731766,-3.1868855358430013,2492.088328115245,2155.3503045499215
55.944133539731766,-3.1868855358430013,W,55.944133539731766,-3.1871855358430015,2492.088328115245,2154.1003045499215
55.944133539731766,-3.1871855358430015,WNW,55.944248344761476,-3.187462699702755,2492.088328115245,2152.8503045499215
55.944248344761476,-3.187462699702755,W,55.944248344761476,-3.187762699702755,2492.088328115245,2151.6003045499215
55.944248344761476,-3.187762699702755,WNW,55.94436314979119,-3.1880398635625085,2492.088328115245,2150.3503045499215
55.94436314979119,-3.1880398635625085,W,55.94436314979119,-3.1883398635625086,2492.088328115245,2149.1003045499215
55.94436314979119,-3.1883398635625086,WNW,55.9444779548209,-3.188617027422262,2492.088328115245,2147.8503045499215
55.9444779548209,-3.188617027422262,W,55.9444779548209,-3.1889170274222622,2492.088328115245,2146.6003045499215
55.9444779548209,-3.1889170274222622,WNW,55.94459275985061,-3.1891941912820156,2492.088328115245,2145.3503045499215
55.94459275985061,-3.1891941912820156,W,55.94459275985061,-3.189494191282016,2492.088328115245,2144.1003045499215
55.94459275985061,-3.189494191282016,NNW,55.944869923710364,-3.1896089963117253,2492.088328115245,2142.8503045499215
55.944869923710364,-3.1896089963117253,WNW,55.944984728740074,-3.1898861601714787,2492.088328115245,2141.6003045499215
