55.944425,-3.188396,N,55.944725000000005,-3.188396,68.65530261674546,332.6757758792565
55.944725000000005,-3.188396,NNW,55.94500216385976,-3.1885108050297095,68.65530261674546,331.4257758792565
55.94500216385976,-3.1885108050297095,WNW,55.94511696888947,-3.188787968889463,150.82163145528978,373.11094020944665
55.94511696888947,-3.188787968889463,SE,55.944904836855116,-3.188575836855107,150.82163145528978,371.86094020944665
55.944904836855116,-3.188575836855107,ESE,55.944790031825406,-3.1882986729953537,150.82163145528978,370.61094020944665
55.944790031825406,-3.1882986729953537,SSE,55.94451286796565,-3.1881838679656442,150.82163145528978,369.36094020944665
55.94451286796565,-3.1881838679656442,SW,55.94430073593129,-3.188396,150.82163145528978,368.11094020944665
55.94430073593129,-3.188396,E,55.94430073593129,-3.188096,150.82163145528978,366.86094020944665
55.94430073593129,-3.188096,W,55.94430073593129,-3.188396,150.82163145528978,365.61094020944665
55.94430073593129,-3.188396,WSW,55.94418593090158,-3.1886731638597534,150.82163145528978,364.36094020944665
55.94418593090158,-3.1886731638597534,SE,55.943973798867226,-3.1884610318253976,150.82163145528978,363.11094020944665
55.943973798867226,-3.1884610318253976,N,55.94427379886723,-3.1884610318253976,150.82163145528978,361.86094020944665
55.94427379886723,-3.1884610318253976,NNW,55.944550962726986,-3.188575836855107,150.82163145528978,360.61094020944665
55.944550962726986,-3.188575836855107,NE,55.94476309476134,-3.1883637048207514,150.82163145528978,359.36094020944665
55.94476309476134,-3.1883637048207514,SW,55.944550962726986,-3.188575836855107,150.82163145528978,358.11094020944665
55.944550962726986,-3.188575836855107,SE,55.94433883069263,-3.1883637048207514,150.82163145528978,356.86094020944665
55.94433883069263,-3.1883637048207514,ENE,55.94445363572234,-3.188086540960998,150.82163145528978,355.61094020944665
55.94445363572234,-3.188086540960998,SSW,55.94417647186258,-3.1882013459907075,150.82163145528978,354.36094020944665
55.94417647186258,-3.1882013459907075,SSE,55.94389930800283,-3.188086540960998,257.3121568746549,388.06967966044095
55.94389930800283,-3.188086540960998,SSW,55.94362214414307,-3.1882013459907075,257.3121568746549,386.81967966044095
55.94362214414307,-3.1882013459907075,ESE,55.94350733911336,-3.187924182130954,257.3121568746549,385.56967966044095
55.94350733911336,-3.187924182130954,NE,55.943719471147716,-3.1877120500965983,334.99157628291704,405.3504877010357
55.943719471147716,-3.1877120500965983,SE,55.94350733911336,-3.1874999180622425,334.99157628291704,404.1004877010357
55.94350733911336,-3.1874999180622425,ENE,55.94362214414307,-3.187222754202489,391.79167974745206,453.72686793161387
55.94362214414307,-3.187222754202489,ENE,55.94373694917278,-3.1869455903427357,488.83691511225265,541.9389875920768
55.94373694917278,-3.1869455903427357,SE,55.943524817138425,-3.18673345830838,578.8618686799919,623.3070599992732
55.943524817138425,-3.18673345830838,E,55.943524817138425,-3.1864334583083798,696.0970543388465,736.2011929229704
55.943524817138425,-3.1864334583083798,N,55.94382481713843,-3.1864334583083798,801.45422953436,742.4141066709319
55.94382481713843,-3.1864334583083798,W,55.94382481713843,-3.18673345830838,801.45422953436,741.1641066709319
55.94382481713843,-3.18673345830838,S,55.943524817138425,-3.18673345830838,801.45422953436,739.9141066709319
55.943524817138425,-3.18673345830838,NW,55.94373694917278,-3.1869455903427357,801.45422953436,738.6641066709319
55.94373694917278,-3.1869455903427357,SW,55.943524817138425,-3.1871577223770915,801.45422953436,737.4141066709319
55.943524817138425,-3.1871577223770915,WSW,55.943410012108714,-3.187434886236845,801.45422953436,736.1641066709319
55.943410012108714,-3.187434886236845,WNW,55.943524817138425,-3.1877120500965983,801.45422953436,734.9141066709319
55.943524817138425,-3.1877120500965983,NE,55.94373694917278,-3.1874999180622425,801.45422953436,733.6641066709319
55.94373694917278,-3.1874999180622425,ENE,55.94385175420249,-3.187222754202489,801.45422953436,732.4141066709319
55.94385175420249,-3.187222754202489,W,55.94385175420249,-3.1875227542024893,801.45422953436,731.1641066709319
55.94385175420249,-3.1875227542024893,ENE,55.9439665592322,-3.187245590342736,801.45422953436,729.9141066709319
55.9439665592322,-3.187245590342736,NE,55.94417869126656,-3.18703345830838,920.4412473533898,765.3022667860606
55.94417869126656,-3.18703345830838,SE,55.9439665592322,-3.1868213262740244,920.4412473533898,764.0522667860606
55.9439665592322,-3.1868213262740244,ESE,55.94385175420249,-3.186544162414271,920.4412473533898,762.8022667860606
55.94385175420249,-3.186544162414271,NE,55.94406388623685,-3.186332030379915,920.4412473533898,761.5522667860606
55.94406388623685,-3.186332030379915,SSW,55.94378672237709,-3.1864468354096247,920.4412473533898,760.3022667860606
55.94378672237709,-3.1864468354096247,S,55.94348672237709,-3.1864468354096247,920.4412473533898,759.0522667860606
55.94348672237709,-3.1864468354096247,N,55.94378672237709,-3.1864468354096247,920.4412473533898,757.8022667860606
55.94378672237709,-3.1864468354096247,E,55.94378672237709,-3.1861468354096245,920.4412473533898,756.5522667860606
55.94378672237709,-3.1861468354096245,ENE,55.9439015274068,-3.185869671549871,956.1602628561774,809.5976005118594
55.9439015274068,-3.185869671549871,SSE,55.943624363547045,-3.1857548665201616,956.1602628561774,808.3476005118594
55.943624363547045,-3.1857548665201616,SSE,55.94334719968729,-3.185640061490452,956.1602628561774,807.0976005118594
55.94334719968729,-3.185640061490452,SSW,55.94307003582753,-3.1857548665201616,956.1602628561774,805.8476005118594
55.94307003582753,-3.1857548665201616,ESE,55.94295523079782,-3.185477702660408,956.1602628561774,804.5976005118594
55.94295523079782,-3.185477702660408,W,55.94295523079782,-3.1857777026604084,956.1602628561774,803.3476005118594
55.94295523079782,-3.1857777026604084,N,55.943255230797824,-3.1857777026604084,956.1602628561774,802.0976005118594
55.943255230797824,-3.1857777026604084,W,55.943255230797824,-3.1860777026604086,956.1602628561774,800.8476005118594
55.943255230797824,-3.1860777026604086,SSE,55.94297806693807,-3.185962897630699,956.1602628561774,799.5976005118594
55.94297806693807,-3.185962897630699,NE,55.943190198972424,-3.1857507655963433,956.1602628561774,798.3476005118594
55.943190198972424,-3.1857507655963433,N,55.94349019897243,-3.1857507655963433,956.1602628561774,797.0976005118594
55.94349019897243,-3.1857507655963433,S,55.943190198972424,-3.1857507655963433,956.1602628561774,795.8476005118594
55.943190198972424,-3.1857507655963433,NNW,55.94346736283218,-3.185865570626053,956.1602628561774,794.5976005118594
55.94346736283218,-3.185865570626053,SE,55.943255230797824,-3.185653438591697,956.1602628561774,793.3476005118594
55.943255230797824,-3.185653438591697,N,55.94355523079783,-3.185653438591697,956.1602628561774,792.0976005118594
55.94355523079783,-3.185653438591697,S,55.943255230797824,-3.185653438591697,956.1602628561774,790.8476005118594
55.943255230797824,-3.185653438591697,WNW,55.943370035827535,-3.1859306024514504,956.1602628561774,789.5976005118594
55.943370035827535,-3.1859306024514504,W,55.943370035827535,-3.1862306024514506,956.1602628561774,788.3476005118594
55.943370035827535,-3.1862306024514506,SE,55.94315790379318,-3.186018470417095,956.1602628561774,787.0976005118594
55.94315790379318,-3.186018470417095,ENE,55.94327270882289,-3.1857413065573414,956.1602628561774,785.8476005118594
55.94327270882289,-3.1857413065573414,NW,55.943484840857245,-3.185953438591697,956.1602628561774,784.5976005118594
55.943484840857245,-3.185953438591697,E,55.943484840857245,-3.185653438591697,956.1602628561774,783.3476005118594
55.943484840857245,-3.185653438591697,NE,55.9436969728916,-3.1854413065573413,956.1602628561774,782.0976005118594
55.9436969728916,-3.1854413065573413,E,55.9436969728916,-3.185141306557341,956.1602628561774,780.8476005118594
55.9436969728916,-3.185141306557341,SE,55.943484840857245,-3.1849291745229853,956.1602628561774,779.5976005118594
55.943484840857245,-3.1849291745229853,SE,55.94327270882289,-3.1847170424886295,956.1602628561774,778.3476005118594
55.94327270882289,-3.1847170424886295,NNE,55.943549872682645,-3.18460223745892,956.1602628561774,777.0976005118594
55.943549872682645,-3.18460223745892,S,55.94324987268264,-3.18460223745892,956.1602628561774,775.8476005118594
55.94324987268264,-3.18460223745892,NE,55.943462004717,-3.1843901054245642,956.1602628561774,774.5976005118594
55.943462004717,-3.1843901054245642,W,55.943462004717,-3.1846901054245644,956.1602628561774,773.3476005118594
55.943462004717,-3.1846901054245644,E,55.943462004717,-3.1843901054245642,956.1602628561774,772.0976005118594
55.943462004717,-3.1843901054245642,WNW,55.94357680974671,-3.1846672692843176,956.1602628561774,770.8476005118594
55.94357680974671,-3.1846672692843176,E,55.94357680974671,-3.1843672692843175,956.1602628561774,769.5976005118594
55.94357680974671,-3.1843672692843175,SSW,55.94329964588695,-3.184482074314027,956.1602628561774,768.3476005118594
55.94329964588695,-3.184482074314027,NNE,55.94357680974671,-3.1843672692843175,956.1602628561774,767.0976005118594
55.94357680974671,-3.1843672692843175,NNW,55.943853973606466,-3.184482074314027,956.1602628561774,765.8476005118594
55.943853973606466,-3.184482074314027,NNW,55.94413113746622,-3.1845968793437365,956.1602628561774,764.5976005118594
55.94413113746622,-3.1845968793437365,SW,55.943919005431866,-3.1848090113780922,956.1602628561774,763.3476005118594
55.943919005431866,-3.1848090113780922,NNW,55.94419616929162,-3.1849238164078018,956.1602628561774,762.0976005118594
55.94419616929162,-3.1849238164078018,NNW,55.94447333315138,-3.1850386214375113,956.1602628561774,760.8476005118594
55.94447333315138,-3.1850386214375113,N,55.94477333315138,-3.1850386214375113,994.2821222284526,798.115012220151
55.94477333315138,-3.1850386214375113,E,55.94477333315138,-3.184738621437511,1019.2307341278644,841.4208893509483
55.94477333315138,-3.184738621437511,W,55.94477333315138,-3.1850386214375113,1019.2307341278644,840.1708893509483
55.94477333315138,-3.1850386214375113,NNW,55.94505049701114,-3.1851534264672208,1019.2307341278644,838.9208893509483
55.94505049701114,-3.1851534264672208,S,55.944750497011135,-3.1851534264672208,1019.2307341278644,837.6708893509483
55.944750497011135,-3.1851534264672208,SSW,55.94447333315138,-3.1852682314969303,1019.2307341278644,836.4208893509483
55.94447333315138,-3.1852682314969303,WSW,55.94435852812167,-3.1855453953566837,1029.2948602988142,917.6372073143027
55.94435852812167,-3.1855453953566837,WSW,55.94424372309196,-3.185822559216437,1029.2948602988142,916.3872073143027
55.94424372309196,-3.185822559216437,SE,55.9440315910576,-3.1856104271820813,1029.2948602988142,915.1372073143027
55.9440315910576,-3.1856104271820813,E,55.9440315910576,-3.185310427182081,1029.2948602988142,913.8872073143027
55.9440315910576,-3.185310427182081,NNE,55.94430875491736,-3.1851956221523716,1029.2948602988142,912.6372073143027
55.94430875491736,-3.1851956221523716,ESE,55.94419394988765,-3.184918458292618,1029.2948602988142,911.3872073143027
55.94419394988765,-3.184918458292618,ENE,55.94430875491736,-3.184641294432865,1029.2948602988142,910.1372073143027
55.94430875491736,-3.184641294432865,SSE,55.9440315910576,-3.1845264894031553,1029.2948602988142,908.8872073143027
55.9440315910576,-3.1845264894031553,WSW,55.94391678602789,-3.1848036532629087,1029.2948602988142,907.6372073143027
55.94391678602789,-3.1848036532629087,SE,55.943704653993535,-3.184591521228553,1029.2948602988142,906.3872073143027
55.943704653993535,-3.184591521228553,SSW,55.94342749013378,-3.1847063262582624,1029.2948602988142,905.1372073143027
55.94342749013378,-3.1847063262582624,E,55.94342749013378,-3.1844063262582623,1029.2948602988142,903.8872073143027
55.94342749013378,-3.1844063262582623,NNW,55.943704653993535,-3.1845211312879718,1029.2948602988142,902.6372073143027
55.943704653993535,-3.1845211312879718,NNW,55.94398181785329,-3.1846359363176813,1029.2948602988142,901.3872073143027
55.94398181785329,-3.1846359363176813,SE,55.943769685818935,-3.1844238042833255,1029.2948602988142,900.1372073143027
55.943769685818935,-3.1844238042833255,SSW,55.94349252195918,-3.184538609313035,1029.2948602988142,898.8872073143027
55.94349252195918,-3.184538609313035,WSW,55.94337771692947,-3.1848157731727884,1029.2948602988142,897.6372073143027
55.94337771692947,-3.1848157731727884,E,55.94337771692947,-3.1845157731727882,1029.2948602988142,896.3872073143027
55.94337771692947,-3.1845157731727882,WSW,55.94326291189976,-3.1847929370325416,1029.2948602988142,895.1372073143027
55.94326291189976,-3.1847929370325416,S,55.942962911899755,-3.1847929370325416,1029.2948602988142,893.8872073143027
55.942962911899755,-3.1847929370325416,NW,55.94317504393411,-3.1850050690668974,1029.2948602988142,892.6372073143027
55.94317504393411,-3.1850050690668974,SW,55.942962911899755,-3.185217201101253,1029.2948602988142,891.3872073143027
55.942962911899755,-3.185217201101253,E,55.942962911899755,-3.184917201101253,1029.2948602988142,890.1372073143027
55.942962911899755,-3.184917201101253,SSW,55.94268574804,-3.1850320061309625,1029.2948602988142,888.8872073143027
55.94268574804,-3.1850320061309625,WNW,55.94280055306971,-3.185309169990716,1029.2948602988142,887.6372073143027
55.94280055306971,-3.185309169990716,E,55.94280055306971,-3.1850091699907157,1029.2948602988142,886.3872073143027
55.94280055306971,-3.1850091699907157,ESE,55.94268574804,-3.1847320061309623,1029.2948602988142,885.1372073143027
55.94268574804,-3.1847320061309623,ENE,55.94280055306971,-3.184454842271209,1029.2948602988142,883.8872073143027
55.94280055306971,-3.184454842271209,WNW,55.94291535809942,-3.1847320061309623,1029.2948602988142,882.6372073143027
55.94291535809942,-3.1847320061309623,SSE,55.94263819423966,-3.184617201101253,1029.2948602988142,881.3872073143027
55.94263819423966,-3.184617201101253,W,55.94263819423966,-3.184917201101253,1029.2948602988142,880.1372073143027
55.94263819423966,-3.184917201101253,NW,55.94285032627402,-3.1851293331356088,1029.2948602988142,878.8872073143027
55.94285032627402,-3.1851293331356088,N,55.94315032627402,-3.1851293331356088,1029.2948602988142,877.6372073143027
55.94315032627402,-3.1851293331356088,NW,55.94336245830838,-3.1853414651699645,1029.2948602988142,876.3872073143027
55.94336245830838,-3.1853414651699645,NW,55.943574590342735,-3.1855535972043203,1029.2948602988142,875.1372073143027
55.943574590342735,-3.1855535972043203,SSW,55.94329742648298,-3.18566840223403,1029.2948602988142,873.8872073143027
55.94329742648298,-3.18566840223403,SSE,55.94302026262322,-3.1855535972043203,1029.2948602988142,872.6372073143027
55.94302026262322,-3.1855535972043203,S,55.94272026262322,-3.1855535972043203,1029.2948602988142,871.3872073143027
55.94272026262322,-3.1855535972043203,E,55.94272026262322,-3.18525359720432,1029.2948602988142,870.1372073143027
55.94272026262322,-3.18525359720432,N,55.94302026262322,-3.18525359720432,1029.2948602988142,868.8872073143027
55.94302026262322,-3.18525359720432,ESE,55.94290545759351,-3.1849764333445667,1029.2948602988142,867.6372073143027
55.94290545759351,-3.1849764333445667,SSE,55.942628293733755,-3.184861628314857,1029.2948602988142,866.3872073143027
55.942628293733755,-3.184861628314857,E,55.942628293733755,-3.184561628314857,1029.2948602988142,865.1372073143027
55.942628293733755,-3.184561628314857,NE,55.94284042576811,-3.1843494962805012,1029.2948602988142,863.8872073143027
55.94284042576811,-3.1843494962805012,W,55.94284042576811,-3.1846494962805014,1029.2948602988142,862.6372073143027
55.94284042576811,-3.1846494962805014,NNW,55.94311758962787,-3.184764301310211,1029.2948602988142,861.3872073143027
55.94311758962787,-3.184764301310211,S,55.942817589627865,-3.184764301310211,1029.2948602988142,860.1372073143027
55.942817589627865,-3.184764301310211,ESE,55.942702784598154,-3.1844871374504575,1029.2948602988142,858.8872073143027
55.942702784598154,-3.1844871374504575,W,55.942702784598154,-3.1847871374504577,1029.2948602988142,857.6372073143027
55.942702784598154,-3.1847871374504577,NE,55.94291491663251,-3.184575005416102,1029.2948602988142,856.3872073143027
55.94291491663251,-3.184575005416102,NW,55.94312704866687,-3.1847871374504577,1029.2948602988142,855.1372073143027
55.94312704866687,-3.1847871374504577,SW,55.94291491663251,-3.1849992694848135,1029.2948602988142,853.8872073143027
55.94291491663251,-3.1849992694848135,NNE,55.94319208049227,-3.184884464455104,1029.2948602988142,852.6372073143027
55.94319208049227,-3.184884464455104,S,55.942892080492264,-3.184884464455104,1029.2948602988142,851.3872073143027
55.942892080492264,-3.184884464455104,ESE,55.942777275462554,-3.1846073005953506,1029.2948602988142,850.1372073143027
55.942777275462554,-3.1846073005953506,ESE,55.94266247043284,-3.184330136735597,1029.2948602988142,848.8872073143027
55.94266247043284,-3.184330136735597,WNW,55.942777275462554,-3.1846073005953506,1029.2948602988142,847.6372073143027
55.942777275462554,-3.1846073005953506,NW,55.94298940749691,-3.1848194326297063,1029.2948602988142,846.3872073143027
55.94298940749691,-3.1848194326297063,NE,55.943201539531266,-3.1846073005953506,1029.2948602988142,845.1372073143027
55.943201539531266,-3.1846073005953506,N,55.94350153953127,-3.1846073005953506,1029.2948602988142,843.8872073143027
55.94350153953127,-3.1846073005953506,NW,55.943713671565625,-3.1848194326297063,1029.2948602988142,842.6372073143027
55.943713671565625,-3.1848194326297063,N,55.94401367156563,-3.1848194326297063,1029.2948602988142,841.3872073143027
55.94401367156563,-3.1848194326297063,SSE,55.94373650770587,-3.184704627599997,1029.2948602988142,840.1372073143027
55.94373650770587,-3.184704627599997,N,55.944036507705874,-3.184704627599997,1029.2948602988142,838.8872073143027
55.944036507705874,-3.184704627599997,WNW,55.944151312735585,-3.1849817914597502,1029.2948602988142,837.6372073143027
55.944151312735585,-3.1849817914597502,WSW,55.944036507705874,-3.1852589553195036,1029.2948602988142,836.3872073143027
55.944036507705874,-3.1852589553195036,WNW,55.944151312735585,-3.185536119179257,1029.2948602988142,835.1372073143027
55.944151312735585,-3.185536119179257,WSW,55.944036507705874,-3.1858132830390105,1029.2948602988142,833.8872073143027
55.944036507705874,-3.1858132830390105,SW,55.94382437567152,-3.1860254150733662,1029.2948602988142,832.6372073143027
55.94382437567152,-3.1860254150733662,NW,55.944036507705874,-3.186237547107722,1029.2948602988142,831.3872073143027
55.944036507705874,-3.186237547107722,NW,55.94424863974023,-3.1864496791420778,1029.2948602988142,830.1372073143027
55.94424863974023,-3.1864496791420778,WSW,55.94413383471052,-3.186726843001831,1029.2948602988142,828.8872073143027
55.94413383471052,-3.186726843001831,SE,55.943921702676164,-3.1865147109674754,1029.2948602988142,827.6372073143027
55.943921702676164,-3.1865147109674754,NW,55.94413383471052,-3.186726843001831,1029.2948602988142,826.3872073143027
55.94413383471052,-3.186726843001831,SSE,55.943856670850764,-3.1866120379721217,1029.2948602988142,825.1372073143027
55.943856670850764,-3.1866120379721217,W,55.943856670850764,-3.186912037972122,1029.2948602988142,823.8872073143027
55.943856670850764,-3.186912037972122,N,55.94415667085077,-3.186912037972122,1029.2948602988142,822.6372073143027
55.94415667085077,-3.186912037972122,NNW,55.94443383471052,-3.1870268430018314,1029.2948602988142,821.3872073143027
55.94443383471052,-3.1870268430018314,NNW,55.94471099857028,-3.187141648031541,1029.2948602988142,820.1372073143027
55.94471099857028,-3.187141648031541,SSW,55.94443383471052,-3.1872564530612504,1029.2948602988142,818.8872073143027
55.94443383471052,-3.1872564530612504,NNE,55.94471099857028,-3.187141648031541,1029.2948602988142,817.6372073143027
55.94471099857028,-3.187141648031541,ENE,55.94482580359999,-3.1868644841717875,1029.2948602988142,816.3872073143027
55.94482580359999,-3.1868644841717875,E,55.94482580359999,-3.1865644841717873,1029.2948602988142,815.1372073143027
55.94482580359999,-3.1865644841717873,WNW,55.9449406086297,-3.1868416480315407,1029.2948602988142,813.8872073143027
55.9449406086297,-3.1868416480315407,N,55.9452406086297,-3.1868416480315407,1138.7123288823745,909.2549135300202
55.9452406086297,-3.1868416480315407,N,55.945540608629706,-3.1868416480315407,1193.952597379465,972.4377569057011
55.945540608629706,-3.1868416480315407,N,55.94584060862971,-3.1868416480315407,1310.6132515278882,1002.4992019983521
55.94584060862971,-3.1868416480315407,ENE,55.94595541365942,-3.1865644841717873,1310.6132515278882,1001.2492019983521
55.94595541365942,-3.1865644841717873,NNE,55.946232577519176,-3.1864496791420778,1310.6132515278882,999.9992019983521
55.946232577519176,-3.1864496791420778,S,55.94593257751917,-3.1864496791420778,1310.6132515278882,998.7492019983521
55.94593257751917,-3.1864496791420778,SW,55.94572044548482,-3.1866618111764335,1310.6132515278882,997.4992019983521
55.94572044548482,-3.1866618111764335,NE,55.94593257751917,-3.1864496791420778,1310.6132515278882,996.2492019983521
55.94593257751917,-3.1864496791420778,WNW,55.94604738254888,-3.186726843001831,1310.6132515278882,994.9992019983521
55.94604738254888,-3.186726843001831,W,55.94604738254888,-3.1870268430018314,1310.6132515278882,993.7492019983521
55.94604738254888,-3.1870268430018314,SSE,55.94577021868913,-3.186912037972122,1310.6132515278882,992.4992019983521
55.94577021868913,-3.186912037972122,SW,55.94555808665477,-3.1871241700064776,1310.6132515278882,991.2492019983521
55.94555808665477,-3.1871241700064776,SE,55.945345954620414,-3.186912037972122,1310.6132515278882,989.9992019983521
55.945345954620414,-3.186912037972122,SE,55.94513382258606,-3.186699905937766,1310.6132515278882,988.7492019983521
55.94513382258606,-3.186699905937766,SSE,55.9448566587263,-3.1865851009080566,1310.6132515278882,987.4992019983521
55.9448566587263,-3.1865851009080566,S,55.9445566587263,-3.1865851009080566,1310.6132515278882,986.2492019983521
55.9445566587263,-3.1865851009080566,NNE,55.944833822586055,-3.186470295878347,1310.6132515278882,984.9992019983521
55.944833822586055,-3.186470295878347,N,55.94513382258606,-3.186470295878347,1310.6132515278882,983.7492019983521
55.94513382258606,-3.186470295878347,W,55.94513382258606,-3.1867702958783473,1310.6132515278882,982.4992019983521
55.94513382258606,-3.1867702958783473,NW,55.945345954620414,-3.186982427912703,1310.6132515278882,981.2492019983521
55.945345954620414,-3.186982427912703,WNW,55.945460759650125,-3.1872595917724564,1310.6132515278882,979.9992019983521
55.945460759650125,-3.1872595917724564,NE,55.94567289168448,-3.1870474597381007,1310.6132515278882,978.7492019983521
55.94567289168448,-3.1870474597381007,SSE,55.945395727824724,-3.186932654708391,1310.6132515278882,977.4992019983521
55.945395727824724,-3.186932654708391,E,55.945395727824724,-3.186632654708391,1310.6132515278882,976.2492019983521
55.945395727824724,-3.186632654708391,WSW,55.945280922795014,-3.1869098185681444,1310.6132515278882,974.9992019983521
55.945280922795014,-3.1869098185681444,WSW,55.945166117765304,-3.1871869824278978,1310.6132515278882,973.7492019983521
55.945166117765304,-3.1871869824278978,SE,55.94495398573095,-3.186974850393542,1310.6132515278882,972.4992019983521
55.94495398573095,-3.186974850393542,S,55.944653985730945,-3.186974850393542,1310.6132515278882,971.2492019983521
55.944653985730945,-3.186974850393542,SSW,55.94437682187119,-3.1870896554232515,1310.6132515278882,969.9992019983521
55.94437682187119,-3.1870896554232515,NE,55.944588953905544,-3.1868775233888957,1310.6132515278882,968.7492019983521
55.944588953905544,-3.1868775233888957,W,55.944588953905544,-3.187177523388896,1310.6132515278882,967.4992019983521
55.944588953905544,-3.187177523388896,SSE,55.94431179004579,-3.1870627183591864,1310.6132515278882,966.2492019983521
55.94431179004579,-3.1870627183591864,SE,55.94409965801143,-3.1868505863248306,1310.6132515278882,964.9992019983521
55.94409965801143,-3.1868505863248306,NNW,55.94437682187119,-3.18696539135454,1310.6132515278882,963.7492019983521
55.94437682187119,-3.18696539135454,NNE,55.944653985730945,-3.1868505863248306,1310.6132515278882,962.4992019983521
55.944653985730945,-3.1868505863248306,NNE,55.9449311495907,-3.186735781295121,1310.6132515278882,961.2492019983521
55.9449311495907,-3.186735781295121,NNW,55.94520831345046,-3.1868505863248306,1310.6132515278882,959.9992019983521
55.94520831345046,-3.1868505863248306,W,55.94520831345046,-3.187150586324831,1310.6132515278882,958.7492019983521
55.94520831345046,-3.187150586324831,WSW,55.94509350842075,-3.1874277501845842,1310.6132515278882,957.4992019983521
55.94509350842075,-3.1874277501845842,NW,55.9453056404551,-3.18763988221894,1310.6132515278882,956.2492019983521
55.9453056404551,-3.18763988221894,WSW,55.94519083542539,-3.1879170460786934,1310.6132515278882,954.9992019983521
55.94519083542539,-3.1879170460786934,SW,55.94497870339104,-3.188129178113049,1310.6132515278882,953.7492019983521
55.94497870339104,-3.188129178113049,ESE,55.94486389836133,-3.187852014253296,1310.6132515278882,952.4992019983521
55.94486389836133,-3.187852014253296,N,55.94516389836133,-3.187852014253296,1310.6132515278882,951.2492019983521
55.94516389836133,-3.187852014253296,ENE,55.94527870339104,-3.1875748503935424,1310.6132515278882,949.9992019983521
55.94527870339104,-3.1875748503935424,ENE,55.94539350842075,-3.187297686533789,1310.6132515278882,948.7492019983521
55.94539350842075,-3.187297686533789,N,55.94569350842075,-3.187297686533789,1310.6132515278882,947.4992019983521
55.94569350842075,-3.187297686533789,WNW,55.94580831345046,-3.1875748503935424,1310.6132515278882,946.2492019983521
55.94580831345046,-3.1875748503935424,NW,55.94602044548482,-3.187786982427898,1310.6132515278882,944.9992019983521
55.94602044548482,-3.187786982427898,S,55.94572044548482,-3.187786982427898,1310.6132515278882,943.7492019983521
55.94572044548482,-3.187786982427898,NW,55.94593257751917,-3.187999114462254,1310.6132515278882,942.4992019983521
55.94593257751917,-3.187999114462254,NE,55.94614470955353,-3.187786982427898,1310.6132515278882,941.2492019983521
55.94614470955353,-3.187786982427898,SE,55.94593257751917,-3.1875748503935424,1310.6132515278882,939.9992019983521
55.94593257751917,-3.1875748503935424,S,55.94563257751917,-3.1875748503935424,1310.6132515278882,938.7492019983521
55.94563257751917,-3.1875748503935424,SSW,55.945355413659414,-3.187689655423252,1310.6132515278882,937.4992019983521
55.945355413659414,-3.187689655423252,ENE,55.945470218689124,-3.1874124915634985,1310.6132515278882,936.2492019983521
55.945470218689124,-3.1874124915634985,N,55.94577021868913,-3.1874124915634985,1310.6132515278882,934.9992019983521
55.94577021868913,-3.1874124915634985,ESE,55.945655413659416,-3.187135327703745,1310.6132515278882,933.7492019983521
55.945655413659416,-3.187135327703745,SSW,55.94537824979966,-3.1872501327334546,1310.6132515278882,932.4992019983521
55.94537824979966,-3.1872501327334546,NNE,55.945655413659416,-3.187135327703745,1310.6132515278882,931.2492019983521
55.945655413659416,-3.187135327703745,E,55.945655413659416,-3.186835327703745,1310.6132515278882,929.9992019983521
55.945655413659416,-3.186835327703745,N,55.94595541365942,-3.186835327703745,1310.6132515278882,928.7492019983521
55.94595541365942,-3.186835327703745,SE,55.94574328162506,-3.186623195669389,1310.6132515278882,927.4992019983521
55.94574328162506,-3.186623195669389,W,55.94574328162506,-3.1869231956693893,1310.6132515278882,926.2492019983521
55.94574328162506,-3.1869231956693893,ESE,55.94562847659535,-3.186646031809636,1310.6132515278882,924.9992019983521
55.94562847659535,-3.186646031809636,WSW,55.94551367156564,-3.1869231956693893,1310.6132515278882,923.7492019983521
55.94551367156564,-3.1869231956693893,NW,55.9457258036,-3.187135327703745,1310.6132515278882,922.4992019983521
55.9457258036,-3.187135327703745,E,55.9457258036,-3.186835327703745,1310.6132515278882,921.2492019983521
55.9457258036,-3.186835327703745,WSW,55.94561099857029,-3.1871124915634983,1310.6132515278882,919.9992019983521
55.94561099857029,-3.1871124915634983,SW,55.94539886653593,-3.187324623597854,1310.6132515278882,918.7492019983521
55.94539886653593,-3.187324623597854,ENE,55.94551367156564,-3.1870474597381007,1310.6132515278882,917.4992019983521
55.94551367156564,-3.1870474597381007,WNW,55.94562847659535,-3.187324623597854,1310.6132515278882,916.2492019983521
55.94562847659535,-3.187324623597854,SW,55.945416344560996,-3.18753675563221,1310.6132515278882,914.9992019983521
55.945416344560996,-3.18753675563221,NNE,55.94569350842075,-3.1874219506025003,1310.6132515278882,913.7492019983521
