55.944425,-3.188396,NNW,55.94470216385976,-3.1885108050297095,0.0,248.75
55.94470216385976,-3.1885108050297095,NE,55.944914295894115,-3.1882986729953537,65.92199300373802,367.7463795735606
55.944914295894115,-3.1882986729953537,W,55.944914295894115,-3.188598672995354,160.5594222982815,400.79577969598733
55.944914295894115,-3.188598672995354,SE,55.94470216385976,-3.188386540960998,160.5594222982815,399.54577969598733
55.94470216385976,-3.188386540960998,ESE,55.94458735883005,-3.1881093771012448,160.5594222982815,398.29577969598733
55.94458735883005,-3.1881093771012448,NE,55.944799490864405,-3.187897245066889,164.84734182939144,401.58541628416197
55.944799490864405,-3.187897245066889,N,55.94509949086441,-3.187897245066889,242.14731408953904,512.0354782009135
55.94509949086441,-3.187897245066889,SSE,55.94482232700465,-3.1877824400371795,242.14731408953904,510.78547820091353
55.94482232700465,-3.1877824400371795,SW,55.944610194970295,-3.1879945720715352,242.14731408953904,509.53547820091353
55.944610194970295,-3.1879945720715352,E,55.944610194970295,-3.187694572071535,242.14731408953904,508.28547820091353
55.944610194970295,-3.187694572071535,W,55.944610194970295,-3.1879945720715352,242.14731408953904,507.03547820091353
55.944610194970295,-3.1879945720715352,WSW,55.944495389940585,-3.1882717359312887,242.14731408953904,505.78547820091353
55.944495389940585,-3.1882717359312887,SE,55.94428325790623,-3.188059603896933,242.14731408953904,504.53547820091353
55.94428325790623,-3.188059603896933,N,55.94458325790623,-3.188059603896933,242.14731408953904,503.28547820091353
55.94458325790623,-3.188059603896933,NNW,55.94486042176599,-3.1881744089266424,242.14731408953904,502.03547820091353
55.94486042176599,-3.1881744089266424,NE,55.945072553800344,-3.1879622768922866,242.14731408953904,500.78547820091353
55.945072553800344,-3.1879622768922866,SW,55.94486042176599,-3.1881744089266424,242.14731408953904,499.53547820091353
55.94486042176599,-3.1881744089266424,SE,55.94464828973163,-3.1879622768922866,242.14731408953904,498.28547820091353
55.94464828973163,-3.1879622768922866,ENE,55.94476309476134,-3.187685113032533,242.14731408953904,497.03547820091353
55.94476309476134,-3.187685113032533,SSW,55.944485930901585,-3.1877999180622427,242.14731408953904,495.78547820091353
55.944485930901585,-3.1877999180622427,SSW,55.94420876704183,-3.1879147230919522,242.14731408953904,494.53547820091353
55.94420876704183,-3.1879147230919522,ESE,55.94409396201212,-3.187637559232199,242.14731408953904,493.28547820091353
55.94409396201212,-3.187637559232199,SE,55.94388182997776,-3.187425427197843,242.14731408953904,492.03547820091353
55.94388182997776,-3.187425427197843,W,55.94388182997776,-3.1877254271978432,242.14731408953904,490.78547820091353
55.94388182997776,-3.1877254271978432,S,55.94358182997776,-3.1877254271978432,242.14731408953904,489.53547820091353
55.94358182997776,-3.1877254271978432,SW,55.9433696979434,-3.187937559232199,260.287247285948,502.86104770800904
55.9433696979434,-3.187937559232199,NW,55.94358182997776,-3.188149691266555,260.287247285948,501.61104770800904
55.94358182997776,-3.188149691266555,SW,55.9433696979434,-3.1883618233009106,260.287247285948,500.36104770800904
55.9433696979434,-3.1883618233009106,S,55.9430696979434,-3.1883618233009106,285.6082992930411,601.1297004988373
55.9430696979434,-3.1883618233009106,ESE,55.94295489291369,-3.188084659441157,289.6998498546871,611.8631271582627
55.94295489291369,-3.188084659441157,WSW,55.94284008788398,-3.1883618233009106,289.6998498546871,610.6131271582627
55.94284008788398,-3.1883618233009106,WNW,55.94295489291369,-3.188638987160664,289.6998498546871,609.3631271582627
55.94295489291369,-3.188638987160664,NE,55.943167024948046,-3.188426855126308,289.6998498546871,608.1131271582627
55.943167024948046,-3.188426855126308,ENE,55.94328182997776,-3.188149691266555,289.6998498546871,606.8631271582627
55.94328182997776,-3.188149691266555,W,55.94328182997776,-3.188449691266555,289.6998498546871,605.6131271582627
55.94328182997776,-3.188449691266555,ENE,55.94339663500747,-3.1881725274068016,289.6998498546871,604.3631271582627
55.94339663500747,-3.1881725274068016,SE,55.94318450297311,-3.187960395372446,289.6998498546871,603.1131271582627
55.94318450297311,-3.187960395372446,ESE,55.9430696979434,-3.1876832315126924,289.6998498546871,601.8631271582627
55.9430696979434,-3.1876832315126924,ESE,55.94295489291369,-3.187406067652939,382.00798136341723,694.6862115972708
55.94295489291369,-3.187406067652939,NE,55.943167024948046,-3.187193935618583,382.00798136341723,693.4362115972708
55.943167024948046,-3.187193935618583,N,55.94346702494805,-3.187193935618583,481.0306781605422,799.429055290076
55.94346702494805,-3.187193935618583,SSW,55.94318986108829,-3.1873087406482927,481.0306781605422,798.179055290076
55.94318986108829,-3.1873087406482927,S,55.94288986108829,-3.1873087406482927,481.0306781605422,796.929055290076
55.94288986108829,-3.1873087406482927,N,55.94318986108829,-3.1873087406482927,481.0306781605422,795.679055290076
55.94318986108829,-3.1873087406482927,E,55.94318986108829,-3.1870087406482925,481.0306781605422,794.429055290076
55.94318986108829,-3.1870087406482925,E,55.94318986108829,-3.1867087406482923,504.33141818507477,860.9859696580303
55.94318986108829,-3.1867087406482923,SSE,55.942912697228536,-3.186593935618583,504.33141818507477,859.7359696580303
55.942912697228536,-3.186593935618583,SSE,55.94263553336878,-3.1864791305888733,504.33141818507477,858.4859696580303
55.94263553336878,-3.1864791305888733,W,55.94263553336878,-3.1867791305888735,504.33141818507477,857.2359696580303
55.94263553336878,-3.1867791305888735,N,55.94293553336878,-3.1867791305888735,504.33141818507477,855.9859696580303
55.94293553336878,-3.1867791305888735,W,55.94293553336878,-3.1870791305888737,504.33141818507477,854.7359696580303
55.94293553336878,-3.1870791305888737,SSE,55.942658369509026,-3.186964325559164,504.33141818507477,853.4859696580303
55.942658369509026,-3.186964325559164,NE,55.94287050154338,-3.1867521935248084,504.33141818507477,852.2359696580303
55.94287050154338,-3.1867521935248084,N,55.943170501543385,-3.1867521935248084,504.33141818507477,850.9859696580303
55.943170501543385,-3.1867521935248084,S,55.94287050154338,-3.1867521935248084,504.33141818507477,849.7359696580303
55.94287050154338,-3.1867521935248084,NNW,55.94314766540314,-3.186866998554518,504.33141818507477,848.4859696580303
55.94314766540314,-3.186866998554518,SE,55.94293553336878,-3.186654866520162,504.33141818507477,847.2359696580303
55.94293553336878,-3.186654866520162,N,55.943235533368785,-3.186654866520162,504.33141818507477,845.9859696580303
55.943235533368785,-3.186654866520162,S,55.94293553336878,-3.186654866520162,504.33141818507477,844.7359696580303
55.94293553336878,-3.186654866520162,WNW,55.94305033839849,-3.1869320303799156,504.33141818507477,843.4859696580303
55.94305033839849,-3.1869320303799156,W,55.94305033839849,-3.1872320303799158,504.33141818507477,842.2359696580303
55.94305033839849,-3.1872320303799158,SE,55.94283820636414,-3.18701989834556,504.33141818507477,840.9859696580303
55.94283820636414,-3.18701989834556,ENE,55.94295301139385,-3.1867427344858066,504.33141818507477,839.7359696580303
55.94295301139385,-3.1867427344858066,NW,55.9431651434282,-3.1869548665201624,504.33141818507477,838.4859696580303
55.9431651434282,-3.1869548665201624,E,55.9431651434282,-3.186654866520162,504.33141818507477,837.2359696580303
55.9431651434282,-3.186654866520162,NE,55.94337727546256,-3.1864427344858064,504.33141818507477,835.9859696580303
55.94337727546256,-3.1864427344858064,E,55.94337727546256,-3.186142734485806,504.33141818507477,834.7359696580303
55.94337727546256,-3.186142734485806,ESE,55.94326247043285,-3.185865570626053,623.75371168936,928.8813413155543
55.94326247043285,-3.185865570626053,SE,55.94305033839849,-3.185653438591697,623.75371168936,927.6313413155543
55.94305033839849,-3.185653438591697,SE,55.94283820636414,-3.1854413065573413,623.75371168936,926.3813413155543
55.94283820636414,-3.1854413065573413,NNE,55.94311537022389,-3.1853265015276317,623.75371168936,925.1313413155543
55.94311537022389,-3.1853265015276317,S,55.94281537022389,-3.1853265015276317,623.75371168936,923.8813413155543
55.94281537022389,-3.1853265015276317,NE,55.943027502258246,-3.185114369493276,623.75371168936,922.6313413155543
55.943027502258246,-3.185114369493276,E,55.943027502258246,-3.184814369493276,623.75371168936,921.3813413155543
55.943027502258246,-3.184814369493276,W,55.943027502258246,-3.185114369493276,623.75371168936,920.1313413155543
55.943027502258246,-3.185114369493276,E,55.943027502258246,-3.184814369493276,623.75371168936,918.8813413155543
55.943027502258246,-3.184814369493276,ESE,55.942912697228536,-3.1845372056335224,623.75371168936,917.6313413155543
55.942912697228536,-3.1845372056335224,WNW,55.943027502258246,-3.184814369493276,623.75371168936,916.3813413155543
55.943027502258246,-3.184814369493276,E,55.943027502258246,-3.1845143694932756,623.75371168936,915.1313413155543
55.943027502258246,-3.1845143694932756,SSW,55.94275033839849,-3.184629174522985,623.75371168936,913.8813413155543
55.94275033839849,-3.184629174522985,NNE,55.943027502258246,-3.1845143694932756,623.75371168936,912.6313413155543
55.943027502258246,-3.1845143694932756,NNW,55.943304666118,-3.184629174522985,623.75371168936,911.3813413155543
55.943304666118,-3.184629174522985,NNW,55.94358182997776,-3.1847439795526946,623.75371168936,910.1313413155543
55.94358182997776,-3.1847439795526946,SW,55.9433696979434,-3.1849561115870504,623.75371168936,908.8813413155543
55.9433696979434,-3.1849561115870504,NNW,55.94364686180316,-3.18507091661676,623.75371168936,907.6313413155543
55.94364686180316,-3.18507091661676,NNW,55.943924025662916,-3.1851857216464694,623.75371168936,906.3813413155543
55.943924025662916,-3.1851857216464694,E,55.943924025662916,-3.184885721646469,623.75371168936,905.1313413155543
55.943924025662916,-3.184885721646469,W,55.943924025662916,-3.1851857216464694,623.75371168936,903.8813413155543
55.943924025662916,-3.1851857216464694,NNW,55.94420118952267,-3.185300526676179,623.75371168936,902.6313413155543
55.94420118952267,-3.185300526676179,NW,55.94441332155703,-3.1855126587105347,725.4805436901884,1010.6741782202735
55.94441332155703,-3.1855126587105347,W,55.94441332155703,-3.185812658710535,760.5907005172469,1012.7349269356025
55.94441332155703,-3.185812658710535,SW,55.94420118952267,-3.1860247907448906,868.7276054234687,1091.3904095542632
55.94420118952267,-3.1860247907448906,E,55.94420118952267,-3.1857247907448905,870.9048087255145,1144.4551629567147
55.94420118952267,-3.1857247907448905,S,55.94390118952267,-3.1857247907448905,870.9048087255145,1143.2051629567147
55.94390118952267,-3.1857247907448905,SE,55.943689057488314,-3.1855126587105347,870.9048087255145,1141.9551629567147
55.943689057488314,-3.1855126587105347,E,55.943689057488314,-3.1852126587105345,870.9048087255145,1140.7051629567147
55.943689057488314,-3.1852126587105345,NNE,55.94396622134807,-3.185097853680825,870.9048087255145,1139.4551629567147
55.94396622134807,-3.185097853680825,ESE,55.94385141631836,-3.1848206898210716,870.9048087255145,1138.2051629567147
55.94385141631836,-3.1848206898210716,ENE,55.94396622134807,-3.184543525961318,870.9048087255145,1136.9551629567147
55.94396622134807,-3.184543525961318,SSE,55.943689057488314,-3.1844287209316087,870.9048087255145,1135.7051629567147
55.943689057488314,-3.1844287209316087,WSW,55.9435742524586,-3.184705884791362,870.9048087255145,1134.4551629567147
55.9435742524586,-3.184705884791362,SE,55.94336212042425,-3.1844937527570063,870.9048087255145,1133.2051629567147
55.94336212042425,-3.1844937527570063,SSW,55.94308495656449,-3.184608557786716,870.9048087255145,1131.9551629567147
55.94308495656449,-3.184608557786716,NNW,55.94336212042425,-3.1847233628164253,870.9048087255145,1130.7051629567147
55.94336212042425,-3.1847233628164253,NNW,55.943639284284004,-3.184838167846135,870.9048087255145,1129.4551629567147
55.943639284284004,-3.184838167846135,SE,55.94342715224965,-3.184626035811779,870.9048087255145,1128.2051629567147
55.94342715224965,-3.184626035811779,SSW,55.94314998838989,-3.1847408408414886,870.9048087255145,1126.9551629567147
55.94314998838989,-3.1847408408414886,WSW,55.94303518336018,-3.185018004701242,870.9048087255145,1125.7051629567147
55.94303518336018,-3.185018004701242,E,55.94303518336018,-3.184718004701242,870.9048087255145,1124.4551629567147
55.94303518336018,-3.184718004701242,WSW,55.94292037833047,-3.184995168560995,870.9048087255145,1123.2051629567147
55.94292037833047,-3.184995168560995,S,55.94262037833047,-3.184995168560995,870.9048087255145,1121.9551629567147
55.94262037833047,-3.184995168560995,NW,55.94283251036482,-3.185207300595351,870.9048087255145,1120.7051629567147
55.94283251036482,-3.185207300595351,SW,55.94262037833047,-3.1854194326297067,870.9048087255145,1119.4551629567147
55.94262037833047,-3.1854194326297067,E,55.94262037833047,-3.1851194326297065,870.9048087255145,1118.2051629567147
55.94262037833047,-3.1851194326297065,WNW,55.94273518336018,-3.18539659648946,870.9048087255145,1116.9551629567147
55.94273518336018,-3.18539659648946,E,55.94273518336018,-3.1850965964894598,870.9048087255145,1115.7051629567147
55.94273518336018,-3.1850965964894598,ESE,55.94262037833047,-3.1848194326297063,870.9048087255145,1114.4551629567147
55.94262037833047,-3.1848194326297063,ENE,55.94273518336018,-3.184542268769953,870.9048087255145,1113.2051629567147
55.94273518336018,-3.184542268769953,WNW,55.94284998838989,-3.1848194326297063,870.9048087255145,1111.9551629567147
55.94284998838989,-3.1848194326297063,ESE,55.94273518336018,-3.184542268769953,870.9048087255145,1110.7051629567147
55.94273518336018,-3.184542268769953,W,55.94273518336018,-3.184842268769953,870.9048087255145,1109.4551629567147
55.94273518336018,-3.184842268769953,WSW,55.94262037833047,-3.1851194326297065,870.9048087255145,1108.2051629567147
55.94262037833047,-3.1851194326297065,NW,55.94283251036482,-3.1853315646640623,870.9048087255145,1106.9551629567147
55.94283251036482,-3.1853315646640623,N,55.943132510364826,-3.1853315646640623,870.9048087255145,1105.7051629567147
55.943132510364826,-3.1853315646640623,NW,55.94334464239918,-3.185543696698418,870.9048087255145,1104.4551629567147
55.94334464239918,-3.185543696698418,SSW,55.943067478539426,-3.1856585017281276,870.9048087255145,1103.2051629567147
55.943067478539426,-3.1856585017281276,SSE,55.94279031467967,-3.185543696698418,870.9048087255145,1101.9551629567147
55.94279031467967,-3.185543696698418,E,55.94279031467967,-3.185243696698418,870.9048087255145,1100.7051629567147
55.94279031467967,-3.185243696698418,N,55.94309031467967,-3.185243696698418,870.9048087255145,1099.4551629567147
55.94309031467967,-3.185243696698418,ESE,55.94297550964996,-3.1849665328386645,870.9048087255145,1098.2051629567147
55.94297550964996,-3.1849665328386645,SSE,55.942698345790205,-3.184851727808955,870.9048087255145,1096.9551629567147
55.942698345790205,-3.184851727808955,E,55.942698345790205,-3.184551727808955,870.9048087255145,1095.7051629567147
55.942698345790205,-3.184551727808955,NE,55.94291047782456,-3.184339595774599,870.9048087255145,1094.4551629567147
55.94291047782456,-3.184339595774599,W,55.94291047782456,-3.184639595774599,870.9048087255145,1093.2051629567147
55.94291047782456,-3.184639595774599,NNW,55.94318764168432,-3.1847544008043087,870.9048087255145,1091.9551629567147
55.94318764168432,-3.1847544008043087,S,55.942887641684315,-3.1847544008043087,870.9048087255145,1090.7051629567147
55.942887641684315,-3.1847544008043087,ESE,55.942772836654605,-3.1844772369445553,870.9048087255145,1089.4551629567147
55.942772836654605,-3.1844772369445553,W,55.942772836654605,-3.1847772369445555,870.9048087255145,1088.2051629567147
55.942772836654605,-3.1847772369445555,NE,55.94298496868896,-3.1845651049101997,870.9048087255145,1086.9551629567147
55.94298496868896,-3.1845651049101997,NW,55.94319710072332,-3.1847772369445555,870.9048087255145,1085.7051629567147
55.94319710072332,-3.1847772369445555,SW,55.94298496868896,-3.1849893689789113,870.9048087255145,1084.4551629567147
55.94298496868896,-3.1849893689789113,NNE,55.94326213254872,-3.1848745639492018,870.9048087255145,1083.2051629567147
55.94326213254872,-3.1848745639492018,S,55.942962132548715,-3.1848745639492018,870.9048087255145,1081.9551629567147
55.942962132548715,-3.1848745639492018,ESE,55.942847327519004,-3.1845974000894484,870.9048087255145,1080.7051629567147
55.942847327519004,-3.1845974000894484,ESE,55.942732522489294,-3.184320236229695,870.9048087255145,1079.4551629567147
55.942732522489294,-3.184320236229695,WSW,55.942617717459584,-3.1845974000894484,870.9048087255145,1078.2051629567147
55.942617717459584,-3.1845974000894484,WNW,55.942732522489294,-3.1848745639492018,870.9048087255145,1076.9551629567147
55.942732522489294,-3.1848745639492018,NW,55.94294465452365,-3.1850866959835575,870.9048087255145,1075.7051629567147
55.94294465452365,-3.1850866959835575,NE,55.943156786558006,-3.1848745639492018,870.9048087255145,1074.4551629567147
55.943156786558006,-3.1848745639492018,N,55.94345678655801,-3.1848745639492018,870.9048087255145,1073.2051629567147
55.94345678655801,-3.1848745639492018,NW,55.943668918592365,-3.1850866959835575,870.9048087255145,1071.9551629567147
55.943668918592365,-3.1850866959835575,N,55.94396891859237,-3.1850866959835575,870.9048087255145,1070.7051629567147
55.94396891859237,-3.1850866959835575,SSE,55.94369175473261,-3.184971890953848,870.9048087255145,1069.4551629567147
55.94369175473261,-3.184971890953848,N,55.943991754732615,-3.184971890953848,870.9048087255145,1068.2051629567147
55.943991754732615,-3.184971890953848,WNW,55.944106559762325,-3.1852490548136014,870.9048087255145,1066.9551629567147
55.944106559762325,-3.1852490548136014,WSW,55.943991754732615,-3.185526218673355,870.9048087255145,1065.7051629567147
55.943991754732615,-3.185526218673355,WNW,55.944106559762325,-3.1858033825331082,870.9048087255145,1064.4551629567147
55.944106559762325,-3.1858033825331082,WSW,55.943991754732615,-3.1860805463928616,870.9048087255145,1063.2051629567147
55.943991754732615,-3.1860805463928616,SW,55.94377962269826,-3.1862926784272174,870.9048087255145,1061.9551629567147
55.94377962269826,-3.1862926784272174,NW,55.943991754732615,-3.186504810461573,870.9048087255145,1060.7051629567147
55.943991754732615,-3.186504810461573,NW,55.94420388676697,-3.186716942495929,906.6492524462374,1068.4250947084054
55.94420388676697,-3.186716942495929,NW,55.94441601880133,-3.1869290745302847,906.6492524462374,1067.1750947084054
55.94441601880133,-3.1869290745302847,WSW,55.94430121377162,-3.187206238390038,906.6492524462374,1065.9250947084054
55.94430121377162,-3.187206238390038,SE,55.94408908173726,-3.1869941063556824,906.6492524462374,1064.6750947084054
55.94408908173726,-3.1869941063556824,NW,55.94430121377162,-3.187206238390038,906.6492524462374,1063.4250947084054
55.94430121377162,-3.187206238390038,SSE,55.94402404991186,-3.1870914333603286,906.6492524462374,1062.1750947084054
55.94402404991186,-3.1870914333603286,W,55.94402404991186,-3.187391433360329,906.6492524462374,1060.9250947084054
55.94402404991186,-3.187391433360329,N,55.94432404991186,-3.187391433360329,906.6492524462374,1059.6750947084054
55.94432404991186,-3.187391433360329,NNW,55.94460121377162,-3.1875062383900383,906.6492524462374,1058.4250947084054
55.94460121377162,-3.1875062383900383,NNW,55.944878377631376,-3.187621043419748,906.6492524462374,1057.1750947084054
55.944878377631376,-3.187621043419748,WSW,55.944763572601666,-3.1878982072795012,906.6492524462374,1055.9250947084054
55.944763572601666,-3.1878982072795012,SSW,55.94448640874191,-3.1880130123092107,906.6492524462374,1054.6750947084054
55.94448640874191,-3.1880130123092107,NNE,55.944763572601666,-3.1878982072795012,906.6492524462374,1053.4250947084054
55.944763572601666,-3.1878982072795012,ENE,55.944878377631376,-3.187621043419748,906.6492524462374,1052.1750947084054
55.944878377631376,-3.187621043419748,E,55.944878377631376,-3.1873210434197476,906.6492524462374,1050.9250947084054
55.944878377631376,-3.1873210434197476,WNW,55.94499318266109,-3.187598207279501,906.6492524462374,1049.6750947084054
55.94499318266109,-3.187598207279501,ENE,55.9451079876908,-3.1873210434197476,906.6492524462374,1048.4250947084054
55.9451079876908,-3.1873210434197476,NNE,55.94538515155055,-3.187206238390038,906.6492524462374,1047.1750947084054
55.94538515155055,-3.187206238390038,S,55.94508515155055,-3.187206238390038,906.6492524462374,1045.9250947084054
55.94508515155055,-3.187206238390038,SW,55.944873019516194,-3.187418370424394,906.6492524462374,1044.6750947084054
55.944873019516194,-3.187418370424394,NE,55.94508515155055,-3.187206238390038,906.6492524462374,1043.4250947084054
55.94508515155055,-3.187206238390038,WNW,55.94519995658026,-3.1874834022497915,906.6492524462374,1042.1750947084054
55.94519995658026,-3.1874834022497915,W,55.94519995658026,-3.1877834022497917,906.6492524462374,1040.9250947084054
55.94519995658026,-3.1877834022497917,NNE,55.94547712044002,-3.1876685972200822,906.6492524462374,1039.6750947084054
55.94547712044002,-3.1876685972200822,NNW,55.945754284299774,-3.1877834022497917,906.6492524462374,1038.4250947084054
55.945754284299774,-3.1877834022497917,SSE,55.94547712044002,-3.1876685972200822,906.6492524462374,1037.1750947084054
55.94547712044002,-3.1876685972200822,SE,55.94526498840566,-3.1874564651857265,906.6492524462374,1035.9250947084054
55.94526498840566,-3.1874564651857265,SE,55.945052856371305,-3.1872443331513707,906.6492524462374,1034.6750947084054
55.945052856371305,-3.1872443331513707,SSE,55.94477569251155,-3.187129528121661,906.6492524462374,1033.4250947084054
55.94477569251155,-3.187129528121661,S,55.944475692511546,-3.187129528121661,906.6492524462374,1032.1750947084054
55.944475692511546,-3.187129528121661,NNE,55.9447528563713,-3.1870147230919517,906.6492524462374,1030.9250947084054
55.9447528563713,-3.1870147230919517,N,55.945052856371305,-3.1870147230919517,906.6492524462374,1029.6750947084054
55.945052856371305,-3.1870147230919517,W,55.945052856371305,-3.187314723091952,906.6492524462374,1028.4250947084054
55.945052856371305,-3.187314723091952,NW,55.94526498840566,-3.1875268551263076,906.6492524462374,1027.1750947084054
55.94526498840566,-3.1875268551263076,NE,55.94547712044002,-3.187314723091952,906.6492524462374,1025.9250947084054
55.94547712044002,-3.187314723091952,SSE,55.94519995658026,-3.1871999180622423,906.6492524462374,1024.6750947084054
55.94519995658026,-3.1871999180622423,E,55.94519995658026,-3.186899918062242,906.6492524462374,1023.4250947084054
55.94519995658026,-3.186899918062242,WSW,55.94508515155055,-3.1871770819219956,906.6492524462374,1022.1750947084054
55.94508515155055,-3.1871770819219956,WSW,55.94497034652084,-3.187454245781749,906.6492524462374,1020.9250947084054
55.94497034652084,-3.187454245781749,SE,55.944758214486484,-3.187242113747393,906.6492524462374,1019.6750947084054
55.944758214486484,-3.187242113747393,S,55.94445821448648,-3.187242113747393,906.6492524462374,1018.4250947084054
55.94445821448648,-3.187242113747393,SSW,55.944181050626725,-3.1873569187771027,906.6492524462374,1017.1750947084054
55.944181050626725,-3.1873569187771027,NE,55.94439318266108,-3.187144786742747,906.6492524462374,1015.9250947084054
55.94439318266108,-3.187144786742747,W,55.94439318266108,-3.187444786742747,906.6492524462374,1014.6750947084054
55.94439318266108,-3.187444786742747,SSE,55.944116018801324,-3.1873299817130376,906.6492524462374,1013.4250947084054
55.944116018801324,-3.1873299817130376,SE,55.94390388676697,-3.187117849678682,906.6492524462374,1012.1750947084054
55.94390388676697,-3.187117849678682,NNW,55.944181050626725,-3.1872326547083913,906.6492524462374,1010.9250947084054
55.944181050626725,-3.1872326547083913,NNE,55.94445821448648,-3.187117849678682,906.6492524462374,1009.6750947084054
55.94445821448648,-3.187117849678682,NNE,55.94473537834624,-3.1870030446489723,906.6492524462374,1008.4250947084054
55.94473537834624,-3.1870030446489723,NNW,55.945012542205994,-3.187117849678682,906.6492524462374,1007.1750947084054
55.945012542205994,-3.187117849678682,W,55.945012542205994,-3.187417849678682,906.6492524462374,1005.9250947084054
55.945012542205994,-3.187417849678682,WSW,55.944897737176284,-3.1876950135384354,906.6492524462374,1004.6750947084054
55.944897737176284,-3.1876950135384354,NW,55.94510986921064,-3.187907145572791,906.6492524462374,1003.4250947084054
55.94510986921064,-3.187907145572791,WSW,55.94499506418093,-3.1881843094325446,906.6492524462374,1002.1750947084054
55.94499506418093,-3.1881843094325446,SW,55.94478293214657,-3.1883964414669004,906.6492524462374,1000.9250947084054
55.94478293214657,-3.1883964414669004,ESE,55.94466812711686,-3.188119277607147,906.6492524462374,999.6750947084054
55.94466812711686,-3.188119277607147,N,55.944968127116866,-3.188119277607147,906.6492524462374,998.4250947084054
55.944968127116866,-3.188119277607147,ENE,55.945082932146576,-3.1878421137473936,906.6492524462374,997.1750947084054
55.945082932146576,-3.1878421137473936,ENE,55.94519773717629,-3.18756494988764,906.6492524462374,995.9250947084054
55.94519773717629,-3.18756494988764,N,55.94549773717629,-3.18756494988764,906.6492524462374,994.6750947084054
55.94549773717629,-3.18756494988764,NE,55.945709869210646,-3.1873528178532844,906.6492524462374,993.4250947084054
55.945709869210646,-3.1873528178532844,N,55.94600986921065,-3.1873528178532844,931.4977949028764,1049.960950727289
55.94600986921065,-3.1873528178532844,WNW,55.94612467424036,-3.187629981713038,931.4977949028764,1048.710950727289
55.94612467424036,-3.187629981713038,S,55.945824674240356,-3.187629981713038,931.4977949028764,1047.460950727289
55.945824674240356,-3.187629981713038,NW,55.94603680627471,-3.1878421137473936,931.4977949028764,1046.210950727289
55.94603680627471,-3.1878421137473936,ENE,55.94615161130442,-3.18756494988764,931.4977949028764,1044.960950727289
55.94615161130442,-3.18756494988764,SE,55.945939479270066,-3.1873528178532844,931.4977949028764,1043.710950727289
55.945939479270066,-3.1873528178532844,E,55.945939479270066,-3.187052817853284,931.4977949028764,1042.460950727289
55.945939479270066,-3.187052817853284,S,55.94563947927006,-3.187052817853284,931.4977949028764,1041.210950727289
55.94563947927006,-3.187052817853284,SSW,55.94536231541031,-3.1871676228829937,931.4977949028764,1039.960950727289
55.94536231541031,-3.1871676228829937,ENE,55.94547712044002,-3.1868904590232403,931.4977949028764,1038.710950727289
55.94547712044002,-3.1868904590232403,N,55.94577712044002,-3.1868904590232403,931.4977949028764,1037.460950727289
55.94577712044002,-3.1868904590232403,ESE,55.94566231541031,-3.186613295163487,931.4977949028764,1036.210950727289
55.94566231541031,-3.186613295163487,NE,55.945874447444666,-3.186401163129131,1050.7791849921794,1153.153831221155
55.945874447444666,-3.186401163129131,SSW,55.94559728358491,-3.1865159681588406,1050.7791849921794,1151.903831221155
55.94559728358491,-3.1865159681588406,NNE,55.945874447444666,-3.186401163129131,1050.7791849921794,1150.653831221155
55.945874447444666,-3.186401163129131,E,55.945874447444666,-3.186101163129131,1050.7791849921794,1149.403831221155
55.945874447444666,-3.186101163129131,N,55.94617444744467,-3.186101163129131,1050.7791849921794,1148.153831221155
55.94617444744467,-3.186101163129131,SE,55.94596231541031,-3.185889031094775,1050.7791849921794,1146.903831221155
55.94596231541031,-3.185889031094775,W,55.94596231541031,-3.1861890310947754,1050.7791849921794,1145.653831221155
55.94596231541031,-3.1861890310947754,NW,55.94617444744467,-3.186401163129131,1050.7791849921794,1144.403831221155
55.94617444744467,-3.186401163129131,ESE,55.94605964241496,-3.1861239992693777,1050.7791849921794,1143.153831221155
55.94605964241496,-3.1861239992693777,E,55.94605964241496,-3.1858239992693775,1050.7791849921794,1141.903831221155
55.94605964241496,-3.1858239992693775,WSW,55.94594483738525,-3.186101163129131,1050.7791849921794,1140.653831221155
55.94594483738525,-3.186101163129131,NW,55.946156969419604,-3.1863132951634867,1050.7791849921794,1139.403831221155
55.946156969419604,-3.1863132951634867,E,55.946156969419604,-3.1860132951634865,1050.7791849921794,1138.153831221155
55.946156969419604,-3.1860132951634865,WSW,55.946042164389894,-3.18629045902324,1050.7791849921794,1136.903831221155
55.946042164389894,-3.18629045902324,SW,55.94583003235554,-3.1865025910575957,1050.7791849921794,1135.653831221155
55.94583003235554,-3.1865025910575957,ENE,55.94594483738525,-3.1862254271978423,1050.7791849921794,1134.403831221155
55.94594483738525,-3.1862254271978423,NNW,55.946222001245005,-3.186340232227552,1050.7791849921794,1133.153831221155
