55.944425,-3.188396,ESE,55.94431019497029,-3.1881188361402466,73.26874271460895,270.965508176656
55.94431019497029,-3.1881188361402466,WNW,55.944425,-3.188396,73.26874271460895,269.715508176656
55.944425,-3.188396,W,55.944425,-3.188696,73.26874271460895,268.465508176656
55.944425,-3.188696,WSW,55.94431019497029,-3.1889731638597536,91.6010073362153,300.194253061445
55.94431019497029,-3.1889731638597536,WNW,55.944425,-3.189250327719507,91.6010073362153,298.944253061445
55.944425,-3.189250327719507,N,55.944725000000005,-3.189250327719507,157.4679157753263,383.0574319020458
55.944725000000005,-3.189250327719507,NW,55.94493713203436,-3.1894624597538628,280.44117538604337,469.4709977295349
55.94493713203436,-3.1894624597538628,SSW,55.944659968174605,-3.1895772647835723,293.65269049908875,575.666921966044
55.944659968174605,-3.1895772647835723,S,55.9443599681746,-3.1895772647835723,374.89014826856834,599.9788500276021
55.9443599681746,-3.1895772647835723,WSW,55.94424516314489,-3.1898544286433257,374.89014826856834,598.7288500276021
55.94424516314489,-3.1898544286433257,SW,55.944033031110536,-3.1900665606776815,374.89014826856834,597.4788500276021
55.944033031110536,-3.1900665606776815,WSW,55.943918226080825,-3.190343724537435,374.89014826856834,596.2288500276021
55.943918226080825,-3.190343724537435,WSW,55.943803421051115,-3.1906208883971883,451.0060926210359,734.9453090636023
55.943803421051115,-3.1906208883971883,S,55.94350342105111,-3.1906208883971883,451.0060926210359,733.6953090636023
55.94350342105111,-3.1906208883971883,SE,55.943291289016756,-3.1904087563628325,561.6558443410294,788.1159130218102
55.943291289016756,-3.1904087563628325,E,55.943291289016756,-3.1901087563628323,565.0703550014769,813.334617310202
55.943291289016756,-3.1901087563628323,W,55.943291289016756,-3.1904087563628325,565.0703550014769,812.084617310202
55.943291289016756,-3.1904087563628325,W,55.943291289016756,-3.1907087563628327,565.0703550014769,810.834617310202
55.943291289016756,-3.1907087563628327,WNW,55.943406094046466,-3.190985920222586,565.0703550014769,809.584617310202
55.943406094046466,-3.190985920222586,W,55.943406094046466,-3.1912859202225863,565.0703550014769,808.334617310202
55.943406094046466,-3.1912859202225863,WNW,55.94352089907618,-3.1915630840823397,587.8594852989191,925.6868778862637
55.94352089907618,-3.1915630840823397,W,55.94352089907618,-3.19186308408234,587.8594852989191,924.4368778862637
55.94352089907618,-3.19186308408234,WNW,55.94363570410589,-3.1921402479420933,588.4814311319327,988.994420351213
55.94363570410589,-3.1921402479420933,SSW,55.94335854024613,-3.192255052971803,588.4814311319327,987.744420351213
55.94335854024613,-3.192255052971803,SSE,55.943081376386374,-3.1921402479420933,645.2026901377551,1066.3011084048117
55.943081376386374,-3.1921402479420933,N,55.94338137638638,-3.1921402479420933,645.2026901377551,1065.0511084048117
55.94338137638638,-3.1921402479420933,NNE,55.94365854024613,-3.1920254429123838,645.2026901377551,1063.8011084048117
55.94365854024613,-3.1920254429123838,NE,55.94387067228049,-3.191813310878028,645.2026901377551,1062.5511084048117
55.94387067228049,-3.191813310878028,NNW,55.944147836140246,-3.1919281159077375,735.443401506367,1105.26224901128
55.944147836140246,-3.1919281159077375,NE,55.9443599681746,-3.1917159838733817,735.443401506367,1104.01224901128
55.9443599681746,-3.1917159838733817,NE,55.94457210020896,-3.191503851839026,735.443401506367,1102.76224901128
55.94457210020896,-3.191503851839026,NE,55.944784232243315,-3.19129171980467,735.443401506367,1101.51224901128
55.944784232243315,-3.19129171980467,NE,55.94499636427767,-3.1910795877703144,735.443401506367,1100.26224901128
55.94499636427767,-3.1910795877703144,NE,55.94520849631203,-3.1908674557359586,735.443401506367,1099.01224901128
55.94520849631203,-3.1908674557359586,ENE,55.94532330134174,-3.1905902918762052,780.6768465956634,1251.7763314967801
55.94532330134174,-3.1905902918762052,NNW,55.945600465201494,-3.1907050969059148,780.6768465956634,1250.5263314967801
55.945600465201494,-3.1907050969059148,NNW,55.94587762906125,-3.1908199019356243,780.6768465956634,1249.2763314967801
55.94587762906125,-3.1908199019356243,WNW,55.94599243409096,-3.1910970657953777,878.2777206659263,1435.058756906932
55.94599243409096,-3.1910970657953777,WNW,55.94610723912067,-3.191374229655131,878.2777206659263,1433.808756906932
55.94610723912067,-3.191374229655131,W,55.94610723912067,-3.1916742296551313,996.051499402561,1445.2011396779187
55.94610723912067,-3.1916742296551313,E,55.94610723912067,-3.191374229655131,996.051499402561,1443.9511396779187
55.94610723912067,-3.191374229655131,E,55.94610723912067,-3.191074229655131,996.051499402561,1442.7011396779187
55.94610723912067,-3.191074229655131,E,55.94610723912067,-3.1907742296551307,996.051499402561,1441.4511396779187
55.94610723912067,-3.1907742296551307,E,55.94610723912067,-3.1904742296551305,996.051499402561,1440.2011396779187
55.94610723912067,-3.1904742296551305,ENE,55.94622204415038,-3.190197065795377,997.562675443892,1461.2252604174867
55.94622204415038,-3.190197065795377,ESE,55.94610723912067,-3.1899199019356237,997.562675443892,1459.9752604174867
55.94610723912067,-3.1899199019356237,E,55.94610723912067,-3.1896199019356235,997.562675443892,1458.7252604174867
55.94610723912067,-3.1896199019356235,E,55.94610723912067,-3.1893199019356233,1038.4859554887712,1506.5776355937692
55.94610723912067,-3.1893199019356233,ESE,55.94599243409096,-3.18904273807587,1038.4859554887712,1505.3276355937692
55.94599243409096,-3.18904273807587,SE,55.945780302056605,-3.188830606041514,1038.4859554887712,1504.0776355937692
55.945780302056605,-3.188830606041514,ESE,55.945665497026894,-3.1885534421817607,1038.4859554887712,1502.8276355937692
55.945665497026894,-3.1885534421817607,SE,55.94545336499254,-3.188341310147405,1038.4859554887712,1501.5776355937692
55.94545336499254,-3.188341310147405,E,55.94545336499254,-3.1880413101474048,1133.75155169618,1511.1473112189735
55.94545336499254,-3.1880413101474048,E,55.94545336499254,-3.1877413101474046,1133.75155169618,1509.8973112189735
55.94545336499254,-3.1877413101474046,E,55.94545336499254,-3.1874413101474044,1133.75155169618,1508.6473112189735
55.94545336499254,-3.1874413101474044,NE,55.945665497026894,-3.1872291781130486,1165.2187309653295,1549.0262218497046
55.945665497026894,-3.1872291781130486,SE,55.94545336499254,-3.187017046078693,1165.2187309653295,1547.7762218497046
55.94545336499254,-3.187017046078693,SE,55.94524123295818,-3.186804914044337,1165.2187309653295,1546.5262218497046
55.94524123295818,-3.186804914044337,SE,55.945029100923826,-3.1865927820099813,1165.2187309653295,1545.2762218497046
55.945029100923826,-3.1865927820099813,SE,55.94481696888947,-3.1863806499756255,1165.2187309653295,1544.0262218497046
55.94481696888947,-3.1863806499756255,E,55.94481696888947,-3.1860806499756253,1175.1563862177857,1574.087733352778
55.94481696888947,-3.1860806499756253,SSW,55.94453980502971,-3.186195455005335,1175.1563862177857,1572.837733352778
55.94453980502971,-3.186195455005335,SSW,55.944262641169956,-3.1863102600350444,1193.2403595700316,1606.8191034913718
55.944262641169956,-3.1863102600350444,SE,55.9440505091356,-3.1860981280006886,1193.2403595700316,1605.5691034913718
55.9440505091356,-3.1860981280006886,SE,55.943838377101244,-3.185885995966333,1193.2403595700316,1604.3191034913718
55.943838377101244,-3.185885995966333,E,55.943838377101244,-3.1855859959663326,1251.4440615114563,1665.0015586742795
55.943838377101244,-3.1855859959663326,ENE,55.943953182130954,-3.1853088321065792,1251.4440615114563,1663.7515586742795
55.943953182130954,-3.1853088321065792,E,55.943953182130954,-3.185008832106579,1251.4440615114563,1662.5015586742795
55.943953182130954,-3.185008832106579,ENE,55.944067987160665,-3.1847316682468256,1341.7348471271785,1782.2586422221243
55.944067987160665,-3.1847316682468256,NNW,55.94434515102042,-3.184846473276535,1341.7348471271785,1781.0086422221243
55.94434515102042,-3.184846473276535,NNW,55.94462231488018,-3.1849612783062446,1341.7348471271785,1779.7586422221243
55.94462231488018,-3.1849612783062446,N,55.94492231488018,-3.1849612783062446,1427.3151378713133,1834.011510413248
55.94492231488018,-3.1849612783062446,N,55.94522231488018,-3.1849612783062446,1445.468913219839,1926.6511171123307
55.94522231488018,-3.1849612783062446,E,55.94522231488018,-3.1846612783062445,1459.9599152791013,1945.6551938681405
55.94522231488018,-3.1846612783062445,N,55.945522314880186,-3.1846612783062445,1459.9599152791013,1944.4051938681405
55.945522314880186,-3.1846612783062445,NW,55.94573444691454,-3.1848734103406002,1639.9406747173225,1995.794327676236
55.94573444691454,-3.1848734103406002,NW,55.9459465789489,-3.185085542374956,1741.2465720100668,2026.2105667162514
55.9459465789489,-3.185085542374956,SW,55.94573444691454,-3.1852976744093118,1741.2465720100668,2024.9605667162514
55.94573444691454,-3.1852976744093118,SSW,55.945457283054786,-3.1854124794390213,1741.2465720100668,2023.7105667162514
55.945457283054786,-3.1854124794390213,SW,55.94524515102043,-3.185624611473377,1741.2465720100668,2022.4605667162514
55.94524515102043,-3.185624611473377,SSW,55.94496798716067,-3.1857394165030866,1741.2465720100668,2021.2105667162514
55.94496798716067,-3.1857394165030866,SW,55.94475585512632,-3.1859515485374423,1741.2465720100668,2019.9605667162514
55.94475585512632,-3.1859515485374423,SSW,55.94447869126656,-3.186066353567152,1741.2465720100668,2018.7105667162514
55.94447869126656,-3.186066353567152,SW,55.944266559232204,-3.1862784856015076,1741.2465720100668,2017.4605667162514
55.944266559232204,-3.1862784856015076,SSW,55.94398939537245,-3.186393290631217,1741.2465720100668,2016.2105667162514
55.94398939537245,-3.186393290631217,SW,55.94377726333809,-3.186605422665573,1741.2465720100668,2014.9605667162514
55.94377726333809,-3.186605422665573,SSW,55.943500099478335,-3.1867202276952824,1793.9703599072534,2082.8234336154064
55.943500099478335,-3.1867202276952824,SSE,55.94322293561858,-3.186605422665573,1793.9703599072534,2081.5734336154064
55.94322293561858,-3.186605422665573,SSE,55.94294577175882,-3.1864906176358634,1793.9703599072534,2080.3234336154064
55.94294577175882,-3.1864906176358634,SE,55.942733639724466,-3.1862784856015076,1815.7859943862065,2121.029781668743
55.942733639724466,-3.1862784856015076,WNW,55.942848444754176,-3.186555649461261,1815.7859943862065,2119.779781668743
55.942848444754176,-3.186555649461261,WNW,55.94296324978389,-3.1868328133210144,1815.7859943862065,2118.529781668743
55.94296324978389,-3.1868328133210144,NNE,55.94324041364364,-3.186718008291305,1815.7859943862065,2117.279781668743
55.94324041364364,-3.186718008291305,NW,55.943452545678,-3.1869301403256607,1815.7859943862065,2116.029781668743
55.943452545678,-3.1869301403256607,WNW,55.94356735070771,-3.187207304185414,1815.7859943862065,2114.779781668743
55.94356735070771,-3.187207304185414,W,55.94356735070771,-3.1875073041854143,1815.7859943862065,2113.529781668743
55.94356735070771,-3.1875073041854143,ENE,55.94368215573742,-3.187230140325661,1815.7859943862065,2112.279781668743
55.94368215573742,-3.187230140325661,SE,55.943470023703064,-3.187018008291305,1815.7859943862065,2111.029781668743
55.943470023703064,-3.187018008291305,NW,55.94368215573742,-3.187230140325661,1815.7859943862065,2109.779781668743
55.94368215573742,-3.187230140325661,ESE,55.94356735070771,-3.1869529764659075,1815.7859943862065,2108.529781668743
55.94356735070771,-3.1869529764659075,NE,55.943779482742066,-3.1867408444315517,1815.7859943862065,2107.279781668743
55.943779482742066,-3.1867408444315517,E,55.943779482742066,-3.1864408444315515,1815.7859943862065,2106.029781668743
55.943779482742066,-3.1864408444315515,NE,55.94399161477642,-3.1862287123971957,1815.7859943862065,2104.779781668743
55.94399161477642,-3.1862287123971957,W,55.94399161477642,-3.186528712397196,1815.7859943862065,2103.529781668743
55.94399161477642,-3.186528712397196,NNW,55.94426877863618,-3.1866435174269054,1815.7859943862065,2102.279781668743
55.94426877863618,-3.1866435174269054,S,55.943968778636176,-3.1866435174269054,1815.7859943862065,2101.029781668743
55.943968778636176,-3.1866435174269054,SSW,55.94369161477642,-3.186758322456615,1815.7859943862065,2099.779781668743
55.94369161477642,-3.186758322456615,SE,55.94347948274206,-3.186546190422259,1815.7859943862065,2098.529781668743
55.94347948274206,-3.186546190422259,NW,55.94369161477642,-3.186758322456615,1815.7859943862065,2097.279781668743
55.94369161477642,-3.186758322456615,NW,55.943903746810776,-3.1869704544909707,1815.7859943862065,2096.029781668743
55.943903746810776,-3.1869704544909707,SSE,55.94362658295102,-3.186855649461261,1815.7859943862065,2094.779781668743
55.94362658295102,-3.186855649461261,NE,55.943838714985375,-3.1866435174269054,1815.7859943862065,2093.529781668743
55.943838714985375,-3.1866435174269054,W,55.943838714985375,-3.1869435174269056,1815.7859943862065,2092.279781668743
55.943838714985375,-3.1869435174269056,NNW,55.94411587884513,-3.187058322456615,1815.7859943862065,2091.029781668743
55.94411587884513,-3.187058322456615,ENE,55.94423068387484,-3.1867811585968617,1815.7859943862065,2089.779781668743
55.94423068387484,-3.1867811585968617,NE,55.9444428159092,-3.186569026562506,1815.7859943862065,2088.529781668743
55.9444428159092,-3.186569026562506,W,55.9444428159092,-3.186869026562506,1815.7859943862065,2087.279781668743
55.9444428159092,-3.186869026562506,NE,55.944654947943555,-3.1866568945281504,1815.7859943862065,2086.029781668743
55.944654947943555,-3.1866568945281504,WNW,55.944769752973265,-3.186934058387904,1815.7859943862065,2084.779781668743
55.944769752973265,-3.186934058387904,WSW,55.944654947943555,-3.187211222247657,1815.7859943862065,2083.529781668743
55.944654947943555,-3.187211222247657,NW,55.94486707997791,-3.187423354282013,1815.7859943862065,2082.279781668743
55.94486707997791,-3.187423354282013,W,55.94486707997791,-3.187723354282013,1815.7859943862065,2081.029781668743
55.94486707997791,-3.187723354282013,NNW,55.94514424383767,-3.1878381593117227,1815.7859943862065,2079.779781668743
55.94514424383767,-3.1878381593117227,WNW,55.94525904886738,-3.188115323171476,1815.7859943862065,2078.529781668743
55.94525904886738,-3.188115323171476,WSW,55.94514424383767,-3.1883924870312295,1815.7859943862065,2077.279781668743
55.94514424383767,-3.1883924870312295,W,55.94514424383767,-3.1886924870312296,1815.7859943862065,2076.029781668743
55.94514424383767,-3.1886924870312296,SSW,55.94486707997791,-3.188807292060939,1815.7859943862065,2074.779781668743
55.94486707997791,-3.188807292060939,E,55.94486707997791,-3.188507292060939,1815.7859943862065,2073.529781668743
55.94486707997791,-3.188507292060939,WSW,55.9447522749482,-3.1887844559206924,1815.7859943862065,2072.279781668743
55.9447522749482,-3.1887844559206924,WNW,55.94486707997791,-3.1890616197804458,1815.7859943862065,2071.029781668743
55.94486707997791,-3.1890616197804458,WNW,55.94498188500762,-3.189338783640199,1815.7859943862065,2069.779781668743
55.94498188500762,-3.189338783640199,NE,55.94519401704198,-3.1891266516058434,1815.7859943862065,2068.529781668743
55.94519401704198,-3.1891266516058434,SE,55.94498188500762,-3.1889145195714876,1815.7859943862065,2067.279781668743
55.94498188500762,-3.1889145195714876,WNW,55.94509669003733,-3.189191683431241,1815.7859943862065,2066.029781668743
55.94509669003733,-3.189191683431241,NW,55.94530882207169,-3.189403815465597,1815.7859943862065,2064.779781668743
55.94530882207169,-3.189403815465597,E,55.94530882207169,-3.1891038154655966,1815.7859943862065,2063.529781668743
55.94530882207169,-3.1891038154655966,SSE,55.94503165821193,-3.188989010435887,1815.7859943862065,2062.279781668743
55.94503165821193,-3.188989010435887,SW,55.944819526177575,-3.189201142470243,1815.7859943862065,2061.029781668743
55.944819526177575,-3.189201142470243,WNW,55.944934331207286,-3.1894783063299963,1815.7859943862065,2059.779781668743
55.944934331207286,-3.1894783063299963,ESE,55.944819526177575,-3.189201142470243,1815.7859943862065,2058.529781668743
55.944819526177575,-3.189201142470243,N,55.94511952617758,-3.189201142470243,1815.7859943862065,2057.279781668743
55.94511952617758,-3.189201142470243,SE,55.94490739414322,-3.188989010435887,1815.7859943862065,2056.029781668743
55.94490739414322,-3.188989010435887,W,55.94490739414322,-3.1892890104358873,1815.7859943862065,2054.779781668743
55.94490739414322,-3.1892890104358873,NNW,55.94518455800298,-3.189403815465597,1815.7859943862065,2053.529781668743
55.94518455800298,-3.189403815465597,NNE,55.945461721862735,-3.1892890104358873,1815.7859943862065,2052.279781668743
55.945461721862735,-3.1892890104358873,SE,55.94524958982838,-3.1890768784015315,1815.7859943862065,2051.029781668743
55.94524958982838,-3.1890768784015315,SE,55.94503745779402,-3.1888647463671758,1815.7859943862065,2049.779781668743
55.94503745779402,-3.1888647463671758,ENE,55.94515226282373,-3.1885875825074224,1815.7859943862065,2048.529781668743
55.94515226282373,-3.1885875825074224,WSW,55.94503745779402,-3.1888647463671758,1815.7859943862065,2047.279781668743
55.94503745779402,-3.1888647463671758,WNW,55.94515226282373,-3.189141910226929,1815.7859943862065,2046.029781668743
55.94515226282373,-3.189141910226929,WSW,55.94503745779402,-3.1894190740866826,1815.7859943862065,2044.779781668743
55.94503745779402,-3.1894190740866826,ESE,55.94492265276431,-3.189141910226929,1815.7859943862065,2043.529781668743
55.94492265276431,-3.189141910226929,E,55.94492265276431,-3.188841910226929,1815.7859943862065,2042.279781668743
55.94492265276431,-3.188841910226929,E,55.94492265276431,-3.188541910226929,1815.7859943862065,2041.029781668743
55.94492265276431,-3.188541910226929,W,55.94492265276431,-3.188841910226929,1815.7859943862065,2039.779781668743
55.94492265276431,-3.188841910226929,WNW,55.94503745779402,-3.1891190740866824,1815.7859943862065,2038.529781668743
55.94503745779402,-3.1891190740866824,SSW,55.944760293934266,-3.189233879116392,1815.7859943862065,2037.279781668743
55.944760293934266,-3.189233879116392,ENE,55.944875098963976,-3.1889567152566385,1815.7859943862065,2036.029781668743
55.944875098963976,-3.1889567152566385,ENE,55.94498990399369,-3.188679551396885,1815.7859943862065,2034.779781668743
55.94498990399369,-3.188679551396885,WSW,55.944875098963976,-3.1889567152566385,1815.7859943862065,2033.529781668743
55.944875098963976,-3.1889567152566385,WNW,55.94498990399369,-3.189233879116392,1815.7859943862065,2032.279781668743
55.94498990399369,-3.189233879116392,ENE,55.9451047090234,-3.1889567152566385,1815.7859943862065,2031.029781668743
55.9451047090234,-3.1889567152566385,W,55.9451047090234,-3.1892567152566387,1815.7859943862065,2029.779781668743
55.9451047090234,-3.1892567152566387,NW,55.94531684105775,-3.1894688472909944,1815.7859943862065,2028.529781668743
55.94531684105775,-3.1894688472909944,WSW,55.94520203602804,-3.189746011150748,1815.7859943862065,2027.279781668743
55.94520203602804,-3.189746011150748,SW,55.94498990399369,-3.1899581431851036,1815.7859943862065,2026.029781668743
55.94498990399369,-3.1899581431851036,E,55.94498990399369,-3.1896581431851034,1815.7859943862065,2024.779781668743
55.94498990399369,-3.1896581431851034,SE,55.94477777195933,-3.1894460111507477,1815.7859943862065,2023.529781668743
55.94477777195933,-3.1894460111507477,NNW,55.94505493581909,-3.189560816180457,1815.7859943862065,2022.279781668743
55.94505493581909,-3.189560816180457,NW,55.94526706785344,-3.189772948214813,1815.7859943862065,2021.029781668743
55.94526706785344,-3.189772948214813,NW,55.9454791998878,-3.1899850802491687,1815.7859943862065,2019.779781668743
55.9454791998878,-3.1899850802491687,NNE,55.945756363747556,-3.189870275219459,1815.7859943862065,2018.529781668743
55.945756363747556,-3.189870275219459,SSE,55.9454791998878,-3.1897554701897497,1815.7859943862065,2017.279781668743
55.9454791998878,-3.1897554701897497,W,55.9454791998878,-3.19005547018975,1815.7859943862065,2016.029781668743
55.9454791998878,-3.19005547018975,SE,55.94526706785344,-3.189843338155394,1815.7859943862065,2014.779781668743
55.94526706785344,-3.189843338155394,SE,55.94505493581909,-3.1896312061210383,1815.7859943862065,2013.529781668743
55.94505493581909,-3.1896312061210383,ESE,55.94494013078938,-3.189354042261285,1815.7859943862065,2012.279781668743
55.94494013078938,-3.189354042261285,WSW,55.944825325759666,-3.1896312061210383,1815.7859943862065,2011.029781668743
55.944825325759666,-3.1896312061210383,NNE,55.94510248961942,-3.189516401091329,1815.7859943862065,2009.779781668743
55.94510248961942,-3.189516401091329,SW,55.94489035758507,-3.1897285331256846,1815.7859943862065,2008.529781668743
55.94489035758507,-3.1897285331256846,SSE,55.94461319372531,-3.189613728095975,1815.7859943862065,2007.279781668743
55.94461319372531,-3.189613728095975,ENE,55.94472799875502,-3.1893365642362217,1815.7859943862065,2006.029781668743
55.94472799875502,-3.1893365642362217,NE,55.94494013078938,-3.189124432201866,1815.7859943862065,2004.779781668743
55.94494013078938,-3.189124432201866,E,55.94494013078938,-3.1888244322018657,1815.7859943862065,2003.529781668743
55.94494013078938,-3.1888244322018657,E,55.94494013078938,-3.1885244322018655,1815.7859943862065,2002.279781668743
55.94494013078938,-3.1885244322018655,NNE,55.94521729464913,-3.188409627172156,1815.7859943862065,2001.029781668743
55.94521729464913,-3.188409627172156,E,55.94521729464913,-3.188109627172156,1815.7859943862065,1999.779781668743
55.94521729464913,-3.188109627172156,ENE,55.94533209967884,-3.1878324633124024,1815.7859943862065,1998.529781668743
55.94533209967884,-3.1878324633124024,WNW,55.945446904708554,-3.188109627172156,1815.7859943862065,1997.279781668743
55.945446904708554,-3.188109627172156,SE,55.9452347726742,-3.1878974951378,1815.7859943862065,1996.029781668743
55.9452347726742,-3.1878974951378,S,55.944934772674195,-3.1878974951378,1815.7859943862065,1994.779781668743
55.944934772674195,-3.1878974951378,SSW,55.94465760881444,-3.1880123001675096,1815.7859943862065,1993.529781668743
55.94465760881444,-3.1880123001675096,W,55.94465760881444,-3.1883123001675098,1815.7859943862065,1992.279781668743
55.94465760881444,-3.1883123001675098,WSW,55.94454280378473,-3.188589464027263,1815.7859943862065,1991.029781668743
55.94454280378473,-3.188589464027263,SE,55.94433067175037,-3.1883773319929074,1815.7859943862065,1989.779781668743
55.94433067175037,-3.1883773319929074,S,55.94403067175037,-3.1883773319929074,1815.7859943862065,1988.529781668743
55.94403067175037,-3.1883773319929074,ENE,55.94414547678008,-3.188100168133154,1815.7859943862065,1987.279781668743
55.94414547678008,-3.188100168133154,W,55.94414547678008,-3.188400168133154,1815.7859943862065,1986.029781668743
55.94414547678008,-3.188400168133154,W,55.94414547678008,-3.1887001681331544,1815.7859943862065,1984.779781668743
55.94414547678008,-3.1887001681331544,W,55.94414547678008,-3.1890001681331546,1815.7859943862065,1983.529781668743
55.94414547678008,-3.1890001681331546,WSW,55.94403067175037,-3.189277331992908,1815.7859943862065,1982.279781668743
55.94403067175037,-3.189277331992908,NE,55.944242803784725,-3.189065199958552,1815.7859943862065,1981.029781668743
55.944242803784725,-3.189065199958552,ENE,55.944357608814435,-3.188788036098799,1815.7859943862065,1979.779781668743
55.944357608814435,-3.188788036098799,E,55.944357608814435,-3.1884880360987986,1815.7859943862065,1978.529781668743
55.944357608814435,-3.1884880360987986,WNW,55.944472413844146,-3.188765199958552,1815.7859943862065,1977.279781668743
55.944472413844146,-3.188765199958552,SW,55.94426028180979,-3.188977331992908,1815.7859943862065,1976.029781668743
55.94426028180979,-3.188977331992908,WSW,55.94414547678008,-3.189254495852661,1815.7859943862065,1974.779781668743
55.94414547678008,-3.189254495852661,NE,55.944357608814435,-3.1890423638183054,1815.7859943862065,1973.529781668743
55.944357608814435,-3.1890423638183054,NW,55.94456974084879,-3.189254495852661,1815.7859943862065,1972.279781668743
55.94456974084879,-3.189254495852661,SE,55.944357608814435,-3.1890423638183054,1815.7859943862065,1971.029781668743
55.944357608814435,-3.1890423638183054,ESE,55.944242803784725,-3.188765199958552,1815.7859943862065,1969.779781668743
55.944242803784725,-3.188765199958552,W,55.944242803784725,-3.189065199958552,1815.7859943862065,1968.529781668743
55.944242803784725,-3.189065199958552,NW,55.94445493581908,-3.189277331992908,1815.7859943862065,1967.279781668743
55.94445493581908,-3.189277331992908,NW,55.94466706785344,-3.1894894640272637,1815.7859943862065,1966.029781668743
55.94466706785344,-3.1894894640272637,ENE,55.94478187288315,-3.1892123001675103,1815.7859943862065,1964.779781668743
55.94478187288315,-3.1892123001675103,WNW,55.94489667791286,-3.1894894640272637,1815.7859943862065,1963.529781668743
55.94489667791286,-3.1894894640272637,WSW,55.94478187288315,-3.189766627887017,1815.7859943862065,1962.279781668743
55.94478187288315,-3.189766627887017,E,55.94478187288315,-3.189466627887017,1815.7859943862065,1961.029781668743
55.94478187288315,-3.189466627887017,SE,55.94456974084879,-3.189254495852661,1815.7859943862065,1959.779781668743
55.94456974084879,-3.189254495852661,SE,55.944357608814435,-3.1890423638183054,1815.7859943862065,1958.529781668743
55.944357608814435,-3.1890423638183054,ESE,55.944242803784725,-3.188765199958552,1815.7859943862065,1957.279781668743
55.944242803784725,-3.188765199958552,ENE,55.944357608814435,-3.1884880360987986,1815.7859943862065,1956.029781668743
55.944357608814435,-3.1884880360987986,WNW,55.944472413844146,-3.188765199958552,1815.7859943862065,1954.779781668743
55.944472413844146,-3.188765199958552,ENE,55.944587218873856,-3.1884880360987986,1815.7859943862065,1953.529781668743
55.944587218873856,-3.1884880360987986,ESE,55.944472413844146,-3.188210872239045,1815.7859943862065,1952.279781668743
55.944472413844146,-3.188210872239045,SSW,55.94419524998439,-3.1883256772687547,1815.7859943862065,1951.029781668743
55.94419524998439,-3.1883256772687547,E,55.94419524998439,-3.1880256772687545,1815.7859943862065,1949.779781668743
55.94419524998439,-3.1880256772687545,WSW,55.94408044495468,-3.188302841128508,1815.7859943862065,1948.529781668743
55.94408044495468,-3.188302841128508,N,55.94438044495468,-3.188302841128508,1815.7859943862065,1947.279781668743
55.94438044495468,-3.188302841128508,ESE,55.94426563992497,-3.1880256772687545,1815.7859943862065,1946.029781668743
55.94426563992497,-3.1880256772687545,WNW,55.94438044495468,-3.188302841128508,1815.7859943862065,1944.779781668743
55.94438044495468,-3.188302841128508,N,55.944680444954685,-3.188302841128508,1815.7859943862065,1943.529781668743
55.944680444954685,-3.188302841128508,SE,55.94446831292033,-3.188090709094152,1815.7859943862065,1942.279781668743
55.94446831292033,-3.188090709094152,WNW,55.94458311795004,-3.1883678729539056,1815.7859943862065,1941.029781668743
55.94458311795004,-3.1883678729539056,E,55.94458311795004,-3.1880678729539054,1815.7859943862065,1939.779781668743
55.94458311795004,-3.1880678729539054,SE,55.94437098591568,-3.1878557409195496,1815.7859943862065,1938.529781668743
55.94437098591568,-3.1878557409195496,WNW,55.94448579094539,-3.188132904779303,1815.7859943862065,1937.279781668743
55.94448579094539,-3.188132904779303,WNW,55.9446005959751,-3.1884100686390564,1815.7859943862065,1936.029781668743
55.9446005959751,-3.1884100686390564,S,55.9443005959751,-3.1884100686390564,1815.7859943862065,1934.779781668743
55.9443005959751,-3.1884100686390564,ENE,55.94441540100481,-3.188132904779303,1815.7859943862065,1933.529781668743
55.94441540100481,-3.188132904779303,WNW,55.94453020603452,-3.1884100686390564,1815.7859943862065,1932.279781668743
55.94453020603452,-3.1884100686390564,NW,55.94474233806888,-3.188622200673412,1815.7859943862065,1931.029781668743
55.94474233806888,-3.188622200673412,S,55.944442338068875,-3.188622200673412,1815.7859943862065,1929.779781668743
55.944442338068875,-3.188622200673412,WSW,55.944327533039164,-3.1888993645331656,1815.7859943862065,1928.529781668743
55.944327533039164,-3.1888993645331656,S,55.94402753303916,-3.1888993645331656,1815.7859943862065,1927.279781668743
55.94402753303916,-3.1888993645331656,ENE,55.94414233806887,-3.188622200673412,1815.7859943862065,1926.029781668743
55.94414233806887,-3.188622200673412,NW,55.94435447010323,-3.188834332707768,1815.7859943862065,1924.779781668743
55.94435447010323,-3.188834332707768,ESE,55.94423966507352,-3.1885571688480145,1815.7859943862065,1923.529781668743
55.94423966507352,-3.1885571688480145,ESE,55.94412486004381,-3.188280004988261,1815.7859943862065,1922.279781668743
55.94412486004381,-3.188280004988261,W,55.94412486004381,-3.1885800049882613,1815.7859943862065,1921.029781668743
