55.944425,-3.188396,NNW,55.94470216385976,-3.1885108050297095,0.0,248.75
55.94470216385976,-3.1885108050297095,SW,55.9444900318254,-3.1887229370640653,0.0,247.5
55.9444900318254,-3.1887229370640653,W,55.9444900318254,-3.1890229370640655,0.0,246.25
55.9444900318254,-3.1890229370640655,WSW,55.94437522679569,-3.189300100923819,42.54366498076516,337.2258034309669
55.94437522679569,-3.189300100923819,WSW,55.94426042176598,-3.1895772647835723,42.54366498076516,335.9758034309669
55.94426042176598,-3.1895772647835723,W,55.94426042176598,-3.1898772647835725,154.04059162791756,391.1105160330849
55.94426042176598,-3.1898772647835725,SE,55.944048289731626,-3.1896651327492167,154.04059162791756,389.8605160330849
55.944048289731626,-3.1896651327492167,SW,55.94383615769727,-3.1898772647835725,187.56089709962498,409.7949302099786
55.94383615769727,-3.1898772647835725,N,55.94413615769727,-3.1898772647835725,187.56089709962498,408.5449302099786
55.94413615769727,-3.1898772647835725,NNW,55.94441332155703,-3.189992069813282,187.56089709962498,407.2949302099786
55.94441332155703,-3.189992069813282,WNW,55.94452812658674,-3.1902692336730354,258.39063726724913,406.97505580327754
55.94452812658674,-3.1902692336730354,NE,55.944740258621096,-3.1900571016386796,258.39063726724913,405.72505580327754
55.944740258621096,-3.1900571016386796,SW,55.94452812658674,-3.1902692336730354,258.39063726724913,404.47505580327754
55.94452812658674,-3.1902692336730354,SE,55.94431599455238,-3.1900571016386796,258.39063726724913,403.22505580327754
55.94431599455238,-3.1900571016386796,SSW,55.94403883069263,-3.190171906668389,258.39063726724913,401.97505580327754
55.94403883069263,-3.190171906668389,SSW,55.94376166683287,-3.1902867116980986,258.39063726724913,400.72505580327754
55.94376166683287,-3.1902867116980986,ESE,55.94364686180316,-3.1900095478383452,258.39063726724913,399.47505580327754
55.94364686180316,-3.1900095478383452,S,55.94334686180316,-3.1900095478383452,368.4607403721848,422.8388020563179
55.94334686180316,-3.1900095478383452,SE,55.9431347297688,-3.1897974158039895,442.4191514372241,514.3304615387708
55.9431347297688,-3.1897974158039895,SE,55.942922597734444,-3.1895852837696337,442.4191514372241,513.0804615387708
55.942922597734444,-3.1895852837696337,ENE,55.943037402764155,-3.1893081199098803,508.6296093852613,578.8342251407985
55.943037402764155,-3.1893081199098803,W,55.943037402764155,-3.1896081199098805,508.6296093852613,577.5842251407985
55.943037402764155,-3.1896081199098805,S,55.94273740276415,-3.1896081199098805,508.6296093852613,576.3342251407985
55.94273740276415,-3.1896081199098805,NW,55.94294953479851,-3.1898202519442362,508.6296093852613,575.0842251407985
55.94294953479851,-3.1898202519442362,SW,55.94273740276415,-3.190032383978592,508.6296093852613,573.8342251407985
55.94273740276415,-3.190032383978592,WSW,55.94262259773444,-3.1903095478383454,508.6296093852613,572.5842251407985
55.94262259773444,-3.1903095478383454,WNW,55.94273740276415,-3.190586711698099,508.6296093852613,571.3342251407985
55.94273740276415,-3.190586711698099,NE,55.94294953479851,-3.190374579663743,508.6296093852613,570.0842251407985
55.94294953479851,-3.190374579663743,ENE,55.94306433982822,-3.1900974158039896,508.6296093852613,568.8342251407985
55.94306433982822,-3.1900974158039896,W,55.94306433982822,-3.19039741580399,508.6296093852613,567.5842251407985
55.94306433982822,-3.19039741580399,ENE,55.94317914485793,-3.1901202519442364,508.6296093852613,566.3342251407985
55.94317914485793,-3.1901202519442364,SE,55.94296701282357,-3.1899081199098807,508.6296093852613,565.0842251407985
55.94296701282357,-3.1899081199098807,ESE,55.94285220779386,-3.1896309560501273,508.6296093852613,563.8342251407985
55.94285220779386,-3.1896309560501273,NE,55.94306433982822,-3.1894188240157715,508.6296093852613,562.5842251407985
55.94306433982822,-3.1894188240157715,SSW,55.94278717596846,-3.189533629045481,508.6296093852613,561.3342251407985
55.94278717596846,-3.189533629045481,N,55.943087175968465,-3.189533629045481,508.6296093852613,560.0842251407985
55.943087175968465,-3.189533629045481,E,55.943087175968465,-3.189233629045481,508.6296093852613,558.8342251407985
55.943087175968465,-3.189233629045481,SSE,55.94281001210871,-3.1891188240157713,508.6296093852613,557.5842251407985
55.94281001210871,-3.1891188240157713,ESE,55.942695207079,-3.188841660156018,508.6296093852613,556.3342251407985
55.942695207079,-3.188841660156018,W,55.942695207079,-3.189141660156018,508.6296093852613,555.0842251407985
55.942695207079,-3.189141660156018,W,55.942695207079,-3.1894416601560183,508.6296093852613,553.8342251407985
55.942695207079,-3.1894416601560183,NE,55.942907339113354,-3.1892295281216625,508.6296093852613,552.5842251407985
55.942907339113354,-3.1892295281216625,N,55.94320733911336,-3.1892295281216625,508.6296093852613,551.3342251407985
55.94320733911336,-3.1892295281216625,S,55.942907339113354,-3.1892295281216625,508.6296093852613,550.0842251407985
55.942907339113354,-3.1892295281216625,NNW,55.94318450297311,-3.189344333151372,508.6296093852613,548.8342251407985
55.94318450297311,-3.189344333151372,N,55.943484502973114,-3.189344333151372,508.6296093852613,547.5842251407985
55.943484502973114,-3.189344333151372,S,55.94318450297311,-3.189344333151372,508.6296093852613,546.3342251407985
55.94318450297311,-3.189344333151372,WNW,55.94329930800282,-3.1896214970111254,508.6296093852613,545.0842251407985
55.94329930800282,-3.1896214970111254,W,55.94329930800282,-3.1899214970111256,508.6296093852613,543.8342251407985
55.94329930800282,-3.1899214970111256,SE,55.943087175968465,-3.18970936497677,508.6296093852613,542.5842251407985
55.943087175968465,-3.18970936497677,ENE,55.943201980998175,-3.1894322011170164,508.6296093852613,541.3342251407985
55.943201980998175,-3.1894322011170164,NW,55.94341411303253,-3.189644333151372,508.6296093852613,540.0842251407985
55.94341411303253,-3.189644333151372,E,55.94341411303253,-3.189344333151372,508.6296093852613,538.8342251407985
55.94341411303253,-3.189344333151372,NE,55.94362624506689,-3.1891322011170162,508.6296093852613,537.5842251407985
55.94362624506689,-3.1891322011170162,E,55.94362624506689,-3.188832201117016,508.6296093852613,536.3342251407985
55.94362624506689,-3.188832201117016,E,55.94362624506689,-3.188532201117016,613.1397465823915,627.3355321068493
55.94362624506689,-3.188532201117016,SE,55.94341411303253,-3.18832006908266,613.1397465823915,626.0855321068493
55.94341411303253,-3.18832006908266,ENE,55.94352891806224,-3.1880429052229067,677.1581763945028,670.4505271420041
55.94352891806224,-3.1880429052229067,NNE,55.943806081922,-3.187928100193197,677.1581763945028,669.2005271420041
55.943806081922,-3.187928100193197,E,55.943806081922,-3.187628100193197,741.7060342097132,749.4381484233851
55.943806081922,-3.187628100193197,S,55.943506081921996,-3.187628100193197,741.7060342097132,748.1881484233851
55.943506081921996,-3.187628100193197,S,55.94320608192199,-3.187628100193197,793.1937498684345,773.5211080493899
55.94320608192199,-3.187628100193197,SE,55.94299394988764,-3.187415968158841,855.4371541740975,782.2025525040335
55.94299394988764,-3.187415968158841,NE,55.94320608192199,-3.1872038361244854,855.4371541740975,780.9525525040335
55.94320608192199,-3.1872038361244854,E,55.94320608192199,-3.1869038361244852,855.4371541740975,779.7025525040335
55.94320608192199,-3.1869038361244852,W,55.94320608192199,-3.1872038361244854,855.4371541740975,778.4525525040335
55.94320608192199,-3.1872038361244854,E,55.94320608192199,-3.1869038361244852,855.4371541740975,777.2025525040335
55.94320608192199,-3.1869038361244852,ESE,55.94309127689228,-3.186626672264732,855.4371541740975,775.9525525040335
55.94309127689228,-3.186626672264732,WNW,55.94320608192199,-3.1869038361244852,855.4371541740975,774.7025525040335
55.94320608192199,-3.1869038361244852,SSW,55.942928918062236,-3.1870186411541948,855.4371541740975,773.4525525040335
55.942928918062236,-3.1870186411541948,NNE,55.94320608192199,-3.1869038361244852,855.4371541740975,772.2025525040335
55.94320608192199,-3.1869038361244852,NNW,55.94348324578175,-3.1870186411541948,855.4371541740975,770.9525525040335
55.94348324578175,-3.1870186411541948,SW,55.94327111374739,-3.1872307731885505,855.4371541740975,769.7025525040335
55.94327111374739,-3.1872307731885505,NNW,55.94354827760715,-3.18734557821826,855.4371541740975,768.4525525040335
55.94354827760715,-3.18734557821826,NNW,55.943825441466906,-3.1874603832479695,855.4371541740975,767.2025525040335
55.943825441466906,-3.1874603832479695,E,55.943825441466906,-3.1871603832479694,855.4371541740975,765.9525525040335
55.943825441466906,-3.1871603832479694,W,55.943825441466906,-3.1874603832479695,855.4371541740975,764.7025525040335
55.943825441466906,-3.1874603832479695,NNW,55.94410260532666,-3.187575188277679,855.4371541740975,763.4525525040335
55.94410260532666,-3.187575188277679,S,55.94380260532666,-3.187575188277679,855.4371541740975,762.2025525040335
55.94380260532666,-3.187575188277679,SSW,55.9435254414669,-3.1876899933073886,855.4371541740975,760.9525525040335
55.9435254414669,-3.1876899933073886,SE,55.94331330943255,-3.187477861273033,855.4371541740975,759.7025525040335
55.94331330943255,-3.187477861273033,E,55.94331330943255,-3.1871778612730326,855.4371541740975,758.4525525040335
55.94331330943255,-3.1871778612730326,ESE,55.94319850440284,-3.186900697413279,855.4371541740975,757.2025525040335
55.94319850440284,-3.186900697413279,ENE,55.94331330943255,-3.186623533553526,855.4371541740975,755.9525525040335
55.94331330943255,-3.186623533553526,SSE,55.94303614557279,-3.1865087285238163,855.4371541740975,754.7025525040335
55.94303614557279,-3.1865087285238163,E,55.94303614557279,-3.186208728523816,855.4371541740975,753.4525525040335
55.94303614557279,-3.186208728523816,WSW,55.94292134054308,-3.1864858923835695,855.4371541740975,752.2025525040335
55.94292134054308,-3.1864858923835695,SSW,55.942644176683324,-3.186600697413279,855.4371541740975,750.9525525040335
55.942644176683324,-3.186600697413279,NNW,55.94292134054308,-3.1867155024429885,855.4371541740975,749.7025525040335
55.94292134054308,-3.1867155024429885,NNW,55.94319850440284,-3.186830307472698,855.4371541740975,748.4525525040335
55.94319850440284,-3.186830307472698,SE,55.94298637236848,-3.1866181754383422,855.4371541740975,747.2025525040335
55.94298637236848,-3.1866181754383422,SSW,55.942709208508724,-3.1867329804680518,855.4371541740975,745.9525525040335
55.942709208508724,-3.1867329804680518,NW,55.94292134054308,-3.1869451125024075,855.4371541740975,744.7025525040335
55.94292134054308,-3.1869451125024075,SW,55.942709208508724,-3.1871572445367633,855.4371541740975,743.4525525040335
55.942709208508724,-3.1871572445367633,E,55.942709208508724,-3.186857244536763,855.4371541740975,742.2025525040335
55.942709208508724,-3.186857244536763,WNW,55.942824013538434,-3.1871344083965165,855.4371541740975,740.9525525040335
55.942824013538434,-3.1871344083965165,E,55.942824013538434,-3.1868344083965163,855.4371541740975,739.7025525040335
55.942824013538434,-3.1868344083965163,ESE,55.942709208508724,-3.186557244536763,855.4371541740975,738.4525525040335
55.942709208508724,-3.186557244536763,WNW,55.942824013538434,-3.1868344083965163,855.4371541740975,737.2025525040335
55.942824013538434,-3.1868344083965163,ESE,55.942709208508724,-3.186557244536763,855.4371541740975,735.9525525040335
55.942709208508724,-3.186557244536763,W,55.942709208508724,-3.186857244536763,855.4371541740975,734.7025525040335
55.942709208508724,-3.186857244536763,NW,55.94292134054308,-3.187069376571119,855.4371541740975,733.4525525040335
55.94292134054308,-3.187069376571119,N,55.94322134054308,-3.187069376571119,855.4371541740975,732.2025525040335
55.94322134054308,-3.187069376571119,NW,55.94343347257744,-3.1872815086054747,855.4371541740975,730.9525525040335
55.94343347257744,-3.1872815086054747,NW,55.943645604611795,-3.1874936406398304,855.4371541740975,729.7025525040335
55.943645604611795,-3.1874936406398304,SSW,55.94336844075204,-3.18760844566954,855.4371541740975,728.4525525040335
55.94336844075204,-3.18760844566954,SSE,55.94309127689228,-3.1874936406398304,855.4371541740975,727.2025525040335
55.94309127689228,-3.1874936406398304,S,55.94279127689228,-3.1874936406398304,855.4371541740975,725.9525525040335
55.94279127689228,-3.1874936406398304,E,55.94279127689228,-3.1871936406398302,855.4371541740975,724.7025525040335
55.94279127689228,-3.1871936406398302,N,55.94309127689228,-3.1871936406398302,855.4371541740975,723.4525525040335
55.94309127689228,-3.1871936406398302,ESE,55.94297647186257,-3.186916476780077,855.4371541740975,722.2025525040335
55.94297647186257,-3.186916476780077,SSE,55.942699308002815,-3.1868016717503673,855.4371541740975,720.9525525040335
55.942699308002815,-3.1868016717503673,E,55.942699308002815,-3.186501671750367,855.4371541740975,719.7025525040335
55.942699308002815,-3.186501671750367,NE,55.94291144003717,-3.1862895397160114,855.4371541740975,718.4525525040335
55.94291144003717,-3.1862895397160114,NNE,55.94318860389693,-3.186174734686302,855.4371541740975,717.2025525040335
55.94318860389693,-3.186174734686302,W,55.94318860389693,-3.186474734686302,855.4371541740975,715.9525525040335
55.94318860389693,-3.186474734686302,NNW,55.943465767756685,-3.1865895397160116,855.4371541740975,714.7025525040335
55.943465767756685,-3.1865895397160116,S,55.94316576775668,-3.1865895397160116,855.4371541740975,713.4525525040335
55.94316576775668,-3.1865895397160116,ESE,55.94305096272697,-3.186312375856258,855.4371541740975,712.2025525040335
55.94305096272697,-3.186312375856258,SSW,55.942773798867215,-3.1864271808859677,855.4371541740975,710.9525525040335
55.942773798867215,-3.1864271808859677,W,55.942773798867215,-3.186727180885968,855.4371541740975,709.7025525040335
55.942773798867215,-3.186727180885968,NE,55.94298593090157,-3.186515048851612,855.4371541740975,708.4525525040335
55.94298593090157,-3.186515048851612,NW,55.94319806293593,-3.186727180885968,855.4371541740975,707.2025525040335
55.94319806293593,-3.186727180885968,SW,55.94298593090157,-3.1869393129203236,855.4371541740975,705.9525525040335
55.94298593090157,-3.1869393129203236,NNE,55.94326309476133,-3.186824507890614,855.4371541740975,704.7025525040335
55.94326309476133,-3.186824507890614,S,55.942963094761325,-3.186824507890614,855.4371541740975,703.4525525040335
55.942963094761325,-3.186824507890614,ESE,55.942848289731614,-3.1865473440308607,855.4371541740975,702.2025525040335
55.942848289731614,-3.1865473440308607,WSW,55.942733484701904,-3.186824507890614,855.4371541740975,700.9525525040335
55.942733484701904,-3.186824507890614,WNW,55.942848289731614,-3.1871016717503675,855.4371541740975,699.7025525040335
55.942848289731614,-3.1871016717503675,NW,55.94306042176597,-3.1873138037847233,855.4371541740975,698.4525525040335
55.94306042176597,-3.1873138037847233,NE,55.94327255380033,-3.1871016717503675,855.4371541740975,697.2025525040335
55.94327255380033,-3.1871016717503675,N,55.94357255380033,-3.1871016717503675,855.4371541740975,695.9525525040335
55.94357255380033,-3.1871016717503675,NW,55.943784685834686,-3.1873138037847233,855.4371541740975,694.7025525040335
55.943784685834686,-3.1873138037847233,N,55.94408468583469,-3.1873138037847233,855.4371541740975,693.4525525040335
55.94408468583469,-3.1873138037847233,SSE,55.94380752197493,-3.187198998755014,855.4371541740975,692.2025525040335
55.94380752197493,-3.187198998755014,N,55.944107521974935,-3.187198998755014,855.4371541740975,690.9525525040335
55.944107521974935,-3.187198998755014,WNW,55.944222327004645,-3.187476162614767,855.4371541740975,689.7025525040335
55.944222327004645,-3.187476162614767,WSW,55.944107521974935,-3.1877533264745206,855.4371541740975,688.4525525040335
55.944107521974935,-3.1877533264745206,WNW,55.944222327004645,-3.188030490334274,855.4371541740975,687.2025525040335
55.944222327004645,-3.188030490334274,WSW,55.944107521974935,-3.1883076541940274,855.4371541740975,685.9525525040335
55.944107521974935,-3.1883076541940274,SE,55.94389538994058,-3.1880955221596716,855.4371541740975,684.7025525040335
55.94389538994058,-3.1880955221596716,NW,55.944107521974935,-3.1883076541940274,855.4371541740975,683.4525525040335
55.944107521974935,-3.1883076541940274,SSE,55.94383035811518,-3.188192849164318,855.4371541740975,682.2025525040335
55.94383035811518,-3.188192849164318,W,55.94383035811518,-3.188492849164318,855.4371541740975,680.9525525040335
55.94383035811518,-3.188492849164318,WSW,55.94371555308547,-3.1887700130240715,855.4371541740975,679.7025525040335
55.94371555308547,-3.1887700130240715,SSW,55.94343838922571,-3.188884818053781,855.4371541740975,678.4525525040335
55.94343838922571,-3.188884818053781,NNE,55.94371555308547,-3.1887700130240715,855.4371541740975,677.2025525040335
55.94371555308547,-3.1887700130240715,ENE,55.94383035811518,-3.188492849164318,855.4371541740975,675.9525525040335
55.94383035811518,-3.188492849164318,E,55.94383035811518,-3.188192849164318,855.4371541740975,674.7025525040335
55.94383035811518,-3.188192849164318,ENE,55.94394516314489,-3.1879156853045645,855.4371541740975,673.4525525040335
55.94394516314489,-3.1879156853045645,NNE,55.944222327004645,-3.187800880274855,855.4371541740975,672.2025525040335
55.944222327004645,-3.187800880274855,S,55.94392232700464,-3.187800880274855,855.4371541740975,670.9525525040335
55.94392232700464,-3.187800880274855,SW,55.943710194970286,-3.1880130123092107,855.4371541740975,669.7025525040335
55.943710194970286,-3.1880130123092107,NE,55.94392232700464,-3.187800880274855,855.4371541740975,668.4525525040335
55.94392232700464,-3.187800880274855,WNW,55.94403713203435,-3.1880780441346084,855.4371541740975,667.2025525040335
55.94403713203435,-3.1880780441346084,NNE,55.94431429589411,-3.187963239104899,855.4371541740975,665.9525525040335
55.94431429589411,-3.187963239104899,SSE,55.94403713203435,-3.1878484340751894,855.4371541740975,664.7025525040335
55.94403713203435,-3.1878484340751894,W,55.94403713203435,-3.1881484340751896,855.4371541740975,663.4525525040335
55.94403713203435,-3.1881484340751896,SW,55.943825,-3.1883605661095453,855.4371541740975,662.2025525040335
55.943825,-3.1883605661095453,SE,55.94361286796564,-3.1881484340751896,855.4371541740975,660.9525525040335
55.94361286796564,-3.1881484340751896,NNE,55.9438900318254,-3.18803362904548,855.4371541740975,659.7025525040335
55.9438900318254,-3.18803362904548,N,55.9441900318254,-3.18803362904548,855.4371541740975,658.4525525040335
55.9441900318254,-3.18803362904548,W,55.9441900318254,-3.1883336290454802,855.4371541740975,657.2025525040335
55.9441900318254,-3.1883336290454802,NW,55.944402163859756,-3.188545761079836,855.4371541740975,655.9525525040335
55.944402163859756,-3.188545761079836,WNW,55.94451696888947,-3.1888229249395894,855.4371541740975,654.7025525040335
55.94451696888947,-3.1888229249395894,NE,55.94472910092382,-3.1886107929052336,855.4371541740975,653.4525525040335
55.94472910092382,-3.1886107929052336,E,55.94472910092382,-3.1883107929052334,855.4371541740975,652.2025525040335
55.94472910092382,-3.1883107929052334,WSW,55.94461429589411,-3.188587956764987,855.4371541740975,650.9525525040335
55.94461429589411,-3.188587956764987,WSW,55.9444994908644,-3.1888651206247403,855.4371541740975,649.7025525040335
55.9444994908644,-3.1888651206247403,S,55.9441994908644,-3.1888651206247403,855.4371541740975,648.4525525040335
55.9441994908644,-3.1888651206247403,SSW,55.94392232700464,-3.1889799256544498,855.4371541740975,647.2025525040335
55.94392232700464,-3.1889799256544498,W,55.94392232700464,-3.18927992565445,855.4371541740975,645.9525525040335
55.94392232700464,-3.18927992565445,SSE,55.943645163144886,-3.1891651206247404,855.4371541740975,644.7025525040335
55.943645163144886,-3.1891651206247404,SE,55.94343303111053,-3.1889529885903847,855.4371541740975,643.4525525040335
55.94343303111053,-3.1889529885903847,NNW,55.943710194970286,-3.189067793620094,855.4371541740975,642.2025525040335
55.943710194970286,-3.189067793620094,NNE,55.94398735883004,-3.1889529885903847,855.4371541740975,640.9525525040335
55.94398735883004,-3.1889529885903847,NNE,55.9442645226898,-3.188838183560675,855.4371541740975,639.7025525040335
55.9442645226898,-3.188838183560675,NNW,55.944541686549556,-3.1889529885903847,855.4371541740975,638.4525525040335
55.944541686549556,-3.1889529885903847,W,55.944541686549556,-3.189252988590385,855.4371541740975,637.2025525040335
55.944541686549556,-3.189252988590385,SW,55.9443295545152,-3.1894651206247406,855.4371541740975,635.9525525040335
55.9443295545152,-3.1894651206247406,ESE,55.94421474948549,-3.1891879567649872,855.4371541740975,634.7025525040335
55.94421474948549,-3.1891879567649872,N,55.94451474948549,-3.1891879567649872,855.4371541740975,633.4525525040335
55.94451474948549,-3.1891879567649872,ENE,55.9446295545152,-3.188910792905234,855.4371541740975,632.2025525040335
55.9446295545152,-3.188910792905234,ENE,55.94474435954491,-3.1886336290454804,855.4371541740975,630.9525525040335
55.94474435954491,-3.1886336290454804,N,55.945044359544916,-3.1886336290454804,855.4371541740975,629.7025525040335
55.945044359544916,-3.1886336290454804,W,55.945044359544916,-3.1889336290454806,907.3649191482483,676.781921626319
55.945044359544916,-3.1889336290454806,NE,55.94525649157927,-3.188721497011125,907.3649191482483,675.531921626319
55.94525649157927,-3.188721497011125,WNW,55.94537129660898,-3.1889986608708782,907.3649191482483,674.281921626319
55.94537129660898,-3.1889986608708782,ENE,55.94548610163869,-3.188721497011125,907.3649191482483,673.031921626319
55.94548610163869,-3.188721497011125,NW,55.94569823367305,-3.1889336290454806,907.3649191482483,671.781921626319
55.94569823367305,-3.1889336290454806,S,55.945398233673046,-3.1889336290454806,907.3649191482483,670.531921626319
55.945398233673046,-3.1889336290454806,NW,55.9456103657074,-3.1891457610798364,907.3649191482483,669.281921626319
55.9456103657074,-3.1891457610798364,NE,55.94582249774176,-3.1889336290454806,907.3649191482483,668.031921626319
55.94582249774176,-3.1889336290454806,ENE,55.94593730277147,-3.188656465185727,907.3649191482483,666.781921626319
55.94593730277147,-3.188656465185727,WNW,55.94605210780118,-3.1889336290454806,907.3649191482483,665.531921626319
55.94605210780118,-3.1889336290454806,SE,55.94583997576682,-3.188721497011125,907.3649191482483,664.281921626319
55.94583997576682,-3.188721497011125,E,55.94583997576682,-3.1884214970111247,907.3649191482483,663.031921626319
55.94583997576682,-3.1884214970111247,S,55.94553997576682,-3.1884214970111247,907.3649191482483,661.781921626319
55.94553997576682,-3.1884214970111247,SSW,55.945262811907064,-3.188536302040834,907.3649191482483,660.531921626319
55.945262811907064,-3.188536302040834,ENE,55.945377616936774,-3.1882591381810808,907.3649191482483,659.281921626319
55.945377616936774,-3.1882591381810808,N,55.94567761693678,-3.1882591381810808,907.3649191482483,658.031921626319
55.94567761693678,-3.1882591381810808,ESE,55.94556281190707,-3.1879819743213273,907.3649191482483,656.781921626319
55.94556281190707,-3.1879819743213273,SSW,55.94528564804731,-3.188096779351037,907.3649191482483,655.531921626319
55.94528564804731,-3.188096779351037,NNE,55.94556281190707,-3.1879819743213273,907.3649191482483,654.281921626319
55.94556281190707,-3.1879819743213273,E,55.94556281190707,-3.187681974321327,907.3649191482483,653.031921626319
55.94556281190707,-3.187681974321327,N,55.94586281190707,-3.187681974321327,907.3649191482483,651.781921626319
55.94586281190707,-3.187681974321327,SE,55.94565067987271,-3.1874698422869714,907.3649191482483,650.531921626319
55.94565067987271,-3.1874698422869714,W,55.94565067987271,-3.1877698422869716,907.3649191482483,649.281921626319
55.94565067987271,-3.1877698422869716,NW,55.94586281190707,-3.1879819743213273,907.3649191482483,648.031921626319
55.94586281190707,-3.1879819743213273,ESE,55.94574800687736,-3.187704810461574,907.3649191482483,646.781921626319
55.94574800687736,-3.187704810461574,E,55.94574800687736,-3.1874048104615738,907.3649191482483,645.531921626319
55.94574800687736,-3.1874048104615738,WSW,55.94563320184765,-3.187681974321327,907.3649191482483,644.281921626319
55.94563320184765,-3.187681974321327,NW,55.945845333882005,-3.187894106355683,907.3649191482483,643.031921626319
55.945845333882005,-3.187894106355683,E,55.945845333882005,-3.1875941063556827,907.3649191482483,641.781921626319
55.945845333882005,-3.1875941063556827,WSW,55.945730528852295,-3.187871270215436,907.3649191482483,640.531921626319
55.945730528852295,-3.187871270215436,SW,55.94551839681794,-3.188083402249792,907.3649191482483,639.281921626319
55.94551839681794,-3.188083402249792,ENE,55.94563320184765,-3.1878062383900385,907.3649191482483,638.031921626319
55.94563320184765,-3.1878062383900385,NNW,55.945910365707405,-3.187921043419748,907.3649191482483,636.781921626319
55.945910365707405,-3.187921043419748,WNW,55.946025170737116,-3.1881982072795014,907.3649191482483,635.531921626319
55.946025170737116,-3.1881982072795014,SW,55.94581303870276,-3.188410339313857,907.3649191482483,634.281921626319
55.94581303870276,-3.188410339313857,NNE,55.946090202562516,-3.1882955342841477,907.3649191482483,633.031921626319
55.946090202562516,-3.1882955342841477,SE,55.94587807052816,-3.188083402249792,907.3649191482483,631.781921626319
55.94587807052816,-3.188083402249792,NNW,55.946155234387916,-3.1881982072795014,907.3649191482483,630.531921626319
55.946155234387916,-3.1881982072795014,SSE,55.94587807052816,-3.188083402249792,907.3649191482483,629.281921626319
55.94587807052816,-3.188083402249792,S,55.94557807052816,-3.188083402249792,907.3649191482483,628.031921626319
55.94557807052816,-3.188083402249792,NNW,55.94585523438791,-3.1881982072795014,907.3649191482483,626.781921626319
55.94585523438791,-3.1881982072795014,ENE,55.945970039417624,-3.187921043419748,907.3649191482483,625.531921626319
55.945970039417624,-3.187921043419748,SSW,55.94569287555787,-3.1880358484494575,907.3649191482483,624.281921626319
55.94569287555787,-3.1880358484494575,S,55.945392875557864,-3.1880358484494575,907.3649191482483,623.031921626319
55.945392875557864,-3.1880358484494575,WNW,55.945507680587575,-3.188313012309211,907.3649191482483,621.781921626319
55.945507680587575,-3.188313012309211,ENE,55.945622485617285,-3.1880358484494575,907.3649191482483,620.531921626319
55.945622485617285,-3.1880358484494575,ESE,55.945507680587575,-3.187758684589704,907.3649191482483,619.281921626319
55.945507680587575,-3.187758684589704,SW,55.94529554855322,-3.18797081662406,907.3649191482483,618.031921626319
55.94529554855322,-3.18797081662406,SW,55.94508341651886,-3.1881829486584157,907.3649191482483,616.781921626319
55.94508341651886,-3.1881829486584157,SE,55.944871284484506,-3.18797081662406,907.3649191482483,615.531921626319
55.944871284484506,-3.18797081662406,NNW,55.94514844834426,-3.1880856216537694,907.3649191482483,614.281921626319
55.94514844834426,-3.1880856216537694,SSW,55.944871284484506,-3.188200426683479,907.3649191482483,613.031921626319
55.944871284484506,-3.188200426683479,NW,55.94508341651886,-3.1884125587178347,907.3649191482483,611.781921626319
55.94508341651886,-3.1884125587178347,NNW,55.94536058037862,-3.188527363747544,907.3649191482483,610.531921626319
55.94536058037862,-3.188527363747544,SSE,55.94508341651886,-3.1884125587178347,907.3649191482483,609.281921626319
55.94508341651886,-3.1884125587178347,N,55.945383416518865,-3.1884125587178347,907.3649191482483,608.031921626319
55.945383416518865,-3.1884125587178347,W,55.945383416518865,-3.188712558717835,907.3649191482483,606.781921626319
55.945383416518865,-3.188712558717835,S,55.94508341651886,-3.188712558717835,907.3649191482483,605.531921626319
55.94508341651886,-3.188712558717835,ESE,55.94496861148915,-3.1884353948580815,907.3649191482483,604.281921626319
55.94496861148915,-3.1884353948580815,E,55.94496861148915,-3.1881353948580813,907.3649191482483,603.031921626319
55.94496861148915,-3.1881353948580813,S,55.94466861148915,-3.1881353948580813,907.3649191482483,601.781921626319
55.94466861148915,-3.1881353948580813,SSE,55.94439144762939,-3.1880205898283718,907.3649191482483,600.531921626319
55.94439144762939,-3.1880205898283718,S,55.94409144762939,-3.1880205898283718,907.3649191482483,599.281921626319
55.94409144762939,-3.1880205898283718,NE,55.944303579663746,-3.187808457794016,907.3649191482483,598.031921626319
55.944303579663746,-3.187808457794016,NNE,55.9445807435235,-3.1876936527643065,907.3649191482483,596.781921626319
