55.944425,-3.188396,SE,55.944212867965646,-3.1881838679656442,47.426978449523745,315.9103548368969
55.944212867965646,-3.1881838679656442,SW,55.94400073593129,-3.188396,47.426978449523745,314.6603548368969
55.94400073593129,-3.188396,SW,55.943788603896934,-3.188608132034356,47.426978449523745,313.4103548368969
55.943788603896934,-3.188608132034356,SW,55.94357647186258,-3.1888202640687116,47.426978449523745,312.1603548368969
55.94357647186258,-3.1888202640687116,SSW,55.94329930800282,-3.188935069098421,104.0655386681608,394.5723962089348
55.94329930800282,-3.188935069098421,SW,55.943087175968465,-3.189147201132777,104.0655386681608,393.3223962089348
55.943087175968465,-3.189147201132777,WSW,55.942972370938755,-3.1894243649925302,104.0655386681608,392.0723962089348
55.942972370938755,-3.1894243649925302,SW,55.9427602389044,-3.189636497026886,153.5039712604725,460.655119271309
55.9427602389044,-3.189636497026886,W,55.9427602389044,-3.189936497026886,153.5039712604725,459.405119271309
55.9427602389044,-3.189936497026886,W,55.9427602389044,-3.1902364970268864,153.5039712604725,458.155119271309
55.9427602389044,-3.1902364970268864,W,55.9427602389044,-3.1905364970268866,153.5039712604725,456.905119271309
55.9427602389044,-3.1905364970268866,W,55.9427602389044,-3.1908364970268868,231.15938888504218,539.1469983978358
55.9427602389044,-3.1908364970268868,NNW,55.943037402764155,-3.1909513020565963,231.15938888504218,537.8969983978358
55.943037402764155,-3.1909513020565963,NNE,55.94331456662391,-3.1908364970268868,231.15938888504218,536.6469983978358
55.94331456662391,-3.1908364970268868,NW,55.94352669865827,-3.1910486290612425,231.15938888504218,535.3969983978358
55.94352669865827,-3.1910486290612425,NW,55.943738830692624,-3.1912607610955983,337.17094040882034,561.1251763231987
55.943738830692624,-3.1912607610955983,NW,55.94395096272698,-3.191472893129954,337.17094040882034,559.8751763231987
55.94395096272698,-3.191472893129954,WSW,55.94383615769727,-3.1917500569897075,352.8261473967779,599.3886035545555
55.94383615769727,-3.1917500569897075,NNE,55.944113321557026,-3.191635251959998,352.8261473967779,598.1386035545555
55.944113321557026,-3.191635251959998,N,55.94441332155703,-3.191635251959998,534.079746847317,704.7745720977572
55.94441332155703,-3.191635251959998,NNE,55.944690485416785,-3.1915204469302885,534.079746847317,703.5245720977572
55.944690485416785,-3.1915204469302885,NNE,55.94496764927654,-3.191405641900579,534.079746847317,702.2745720977572
55.94496764927654,-3.191405641900579,N,55.945267649276545,-3.191405641900579,598.0096737299934,818.9041817492891
55.945267649276545,-3.191405641900579,W,55.945267649276545,-3.191705641900579,598.0096737299934,817.6541817492891
55.945267649276545,-3.191705641900579,W,55.945267649276545,-3.1920056419005793,598.0096737299934,816.4041817492891
55.945267649276545,-3.1920056419005793,WSW,55.945152844246834,-3.1922828057603327,683.4358501752685,853.1679790440689
55.945152844246834,-3.1922828057603327,E,55.945152844246834,-3.1919828057603326,683.4358501752685,851.9179790440689
55.945152844246834,-3.1919828057603326,E,55.945152844246834,-3.1916828057603324,683.4358501752685,850.6679790440689
55.945152844246834,-3.1916828057603324,E,55.945152844246834,-3.191382805760332,683.4358501752685,849.4179790440689
55.945152844246834,-3.191382805760332,E,55.945152844246834,-3.191082805760332,683.4358501752685,848.1679790440689
55.945152844246834,-3.191082805760332,E,55.945152844246834,-3.190782805760332,683.4358501752685,846.9179790440689
55.945152844246834,-3.190782805760332,ENE,55.945267649276545,-3.1905056419005784,799.2082315539586,931.7251740502043
55.945267649276545,-3.1905056419005784,SSE,55.94499048541679,-3.190390836870869,799.2082315539586,930.4751740502043
55.94499048541679,-3.190390836870869,SE,55.94477835338243,-3.190178704836513,860.0059567302445,965.7432825500823
55.94477835338243,-3.190178704836513,ESE,55.94466354835272,-3.1899015409767597,966.8655332810894,1060.8205900672854
55.94466354835272,-3.1899015409767597,SW,55.944451416318365,-3.1901136730111155,966.8655332810894,1059.5705900672854
55.944451416318365,-3.1901136730111155,SW,55.94423928428401,-3.1903258050454713,966.8655332810894,1058.3205900672854
55.94423928428401,-3.1903258050454713,S,55.943939284284006,-3.1903258050454713,989.1596471866335,1068.1291539788979
55.943939284284006,-3.1903258050454713,NE,55.94415141631836,-3.1901136730111155,989.1596471866335,1066.8791539788979
55.94415141631836,-3.1901136730111155,NNE,55.94442858017812,-3.189998867981406,989.1596471866335,1065.6291539788979
55.94442858017812,-3.189998867981406,NE,55.944640712212475,-3.18978673594705,989.1596471866335,1064.3791539788979
55.944640712212475,-3.18978673594705,NNE,55.94491787607223,-3.1896719309173407,989.1596471866335,1063.1291539788979
55.94491787607223,-3.1896719309173407,NE,55.94513000810659,-3.189459798882985,989.1596471866335,1061.8791539788979
55.94513000810659,-3.189459798882985,NNE,55.945407171966345,-3.1893449938532754,989.1596471866335,1060.6291539788979
55.945407171966345,-3.1893449938532754,N,55.94570717196635,-3.1893449938532754,1069.7901351769958,1175.2256315852692
55.94570717196635,-3.1893449938532754,E,55.94570717196635,-3.1890449938532752,1091.6833318591891,1274.9645463930128
55.94570717196635,-3.1890449938532752,E,55.94570717196635,-3.188744993853275,1091.6833318591891,1273.7145463930128
55.94570717196635,-3.188744993853275,E,55.94570717196635,-3.188444993853275,1091.6833318591891,1272.4645463930128
55.94570717196635,-3.188444993853275,E,55.94570717196635,-3.1881449938532747,1091.6833318591891,1271.2145463930128
55.94570717196635,-3.1881449938532747,E,55.94570717196635,-3.1878449938532745,1102.517314870049,1352.5336368985413
55.94570717196635,-3.1878449938532745,SE,55.94549503993199,-3.1876328618189187,1102.517314870049,1351.2836368985413
55.94549503993199,-3.1876328618189187,SE,55.945282907897635,-3.187420729784563,1102.517314870049,1350.0336368985413
55.945282907897635,-3.187420729784563,SSE,55.94500574403788,-3.1873059247548534,1151.7882432429049,1361.8583857548285
55.94500574403788,-3.1873059247548534,SE,55.94479361200352,-3.1870937927204976,1151.7882432429049,1360.6083857548285
55.94479361200352,-3.1870937927204976,SE,55.944581479969166,-3.186881660686142,1151.7882432429049,1359.3583857548285
55.944581479969166,-3.186881660686142,S,55.94428147996916,-3.186881660686142,1262.3972123872109,1429.519897172776
55.94428147996916,-3.186881660686142,SE,55.94406934793481,-3.186669528651786,1262.3972123872109,1428.269897172776
55.94406934793481,-3.186669528651786,E,55.94406934793481,-3.186369528651786,1294.0589157864958,1506.5912628988226
55.94406934793481,-3.186369528651786,ESE,55.9439545429051,-3.1860923647920325,1294.0589157864958,1505.3412628988226
55.9439545429051,-3.1860923647920325,E,55.9439545429051,-3.1857923647920323,1371.2740008738049,1513.2469850058978
55.9439545429051,-3.1857923647920323,SSE,55.94367737904534,-3.185677559762323,1371.2740008738049,1511.9969850058978
55.94367737904534,-3.185677559762323,S,55.94337737904534,-3.185677559762323,1371.2740008738049,1510.7469850058978
55.94337737904534,-3.185677559762323,SE,55.94316524701098,-3.185465427727967,1406.4136454085462,1569.8382351238272
55.94316524701098,-3.185465427727967,NE,55.94337737904534,-3.1852532956936113,1406.4136454085462,1568.5882351238272
55.94337737904534,-3.1852532956936113,NE,55.94358951107969,-3.1850411636592555,1406.4136454085462,1567.3382351238272
55.94358951107969,-3.1850411636592555,NE,55.94380164311405,-3.1848290316248997,1406.4136454085462,1566.0882351238272
55.94380164311405,-3.1848290316248997,NNE,55.944078806973806,-3.18471422659519,1492.2894425303953,1640.8529515012667
55.944078806973806,-3.18471422659519,N,55.94437880697381,-3.18471422659519,1492.2894425303953,1639.6029515012667
55.94437880697381,-3.18471422659519,N,55.94467880697381,-3.18471422659519,1492.2894425303953,1638.3529515012667
55.94467880697381,-3.18471422659519,N,55.944978806973815,-3.18471422659519,1525.0823039766392,1724.2129547688314
55.944978806973815,-3.18471422659519,NNE,55.94525597083357,-3.1845994215654807,1525.0823039766392,1722.9629547688314
55.94525597083357,-3.1845994215654807,NNE,55.94553313469333,-3.184484616535771,1525.0823039766392,1721.7129547688314
55.94553313469333,-3.184484616535771,N,55.94583313469333,-3.184484616535771,1594.5408180098325,1836.5473509251194
55.94583313469333,-3.184484616535771,WSW,55.94571832966362,-3.1847617803955246,1594.5408180098325,1835.2973509251194
55.94571832966362,-3.1847617803955246,WSW,55.94560352463391,-3.185038944255278,1594.5408180098325,1834.0473509251194
55.94560352463391,-3.185038944255278,W,55.94560352463391,-3.185338944255278,1594.5408180098325,1832.7973509251194
55.94560352463391,-3.185338944255278,WSW,55.9454887196042,-3.1856161081150316,1708.4282701201555,1866.4011306279388
55.9454887196042,-3.1856161081150316,SSW,55.94521155574444,-3.185730913144741,1814.7476626467796,1882.277591244594
55.94521155574444,-3.185730913144741,S,55.94491155574444,-3.185730913144741,1830.4664871969032,1974.3196046938447
55.94491155574444,-3.185730913144741,SSW,55.944634391884684,-3.1858457181744506,1830.4664871969032,1973.0696046938447
55.944634391884684,-3.1858457181744506,SSW,55.94435722802493,-3.18596052320416,1830.4664871969032,1971.8196046938447
55.94435722802493,-3.18596052320416,SSW,55.94408006416517,-3.1860753282338696,1830.4664871969032,1970.5696046938447
55.94408006416517,-3.1860753282338696,SSW,55.943802900305414,-3.186190133263579,1830.4664871969032,1969.3196046938447
55.943802900305414,-3.186190133263579,SW,55.94359076827106,-3.186402265297935,1830.4664871969032,1968.0696046938447
55.94359076827106,-3.186402265297935,SSW,55.9433136044113,-3.1865170703276444,1830.4664871969032,1966.8196046938447
55.9433136044113,-3.1865170703276444,SW,55.943101472376945,-3.186729202362,1830.4664871969032,1965.5696046938447
55.943101472376945,-3.186729202362,SSW,55.94282430851719,-3.1868440073917097,1854.4931422549182,2081.41633035458
55.94282430851719,-3.1868440073917097,WNW,55.9429391135469,-3.187121171251463,1854.4931422549182,2080.16633035458
55.9429391135469,-3.187121171251463,WNW,55.94305391857661,-3.1873983351112165,1854.4931422549182,2078.91633035458
55.94305391857661,-3.1873983351112165,WNW,55.94316872360632,-3.18767549897097,1854.4931422549182,2077.66633035458
55.94316872360632,-3.18767549897097,NNW,55.943445887466076,-3.1877903040006794,1854.4931422549182,2076.41633035458
55.943445887466076,-3.1877903040006794,WNW,55.94356069249579,-3.188067467860433,1854.4931422549182,2075.16633035458
55.94356069249579,-3.188067467860433,NE,55.94377282453014,-3.187855335826077,1854.4931422549182,2073.91633035458
55.94377282453014,-3.187855335826077,NE,55.9439849565645,-3.1876432037917213,1854.4931422549182,2072.66633035458
55.9439849565645,-3.1876432037917213,WSW,55.94387015153479,-3.1879203676514747,1854.4931422549182,2071.41633035458
55.94387015153479,-3.1879203676514747,E,55.94387015153479,-3.1876203676514745,1854.4931422549182,2070.16633035458
55.94387015153479,-3.1876203676514745,E,55.94387015153479,-3.1873203676514743,1854.4931422549182,2068.91633035458
55.94387015153479,-3.1873203676514743,E,55.94387015153479,-3.187020367651474,1854.4931422549182,2067.66633035458
55.94387015153479,-3.187020367651474,NW,55.944082283569145,-3.18723249968583,1854.4931422549182,2066.41633035458
55.944082283569145,-3.18723249968583,SSW,55.94380511970939,-3.1873473047155394,1854.4931422549182,2065.16633035458
55.94380511970939,-3.1873473047155394,W,55.94380511970939,-3.1876473047155396,1854.4931422549182,2063.91633035458
55.94380511970939,-3.1876473047155396,NE,55.944017251743745,-3.187435172681184,1854.4931422549182,2062.66633035458
55.944017251743745,-3.187435172681184,WSW,55.943902446714034,-3.187712336540937,1854.4931422549182,2061.41633035458
55.943902446714034,-3.187712336540937,WNW,55.944017251743745,-3.1879895004006906,1854.4931422549182,2060.16633035458
55.944017251743745,-3.1879895004006906,E,55.944017251743745,-3.1876895004006904,1854.4931422549182,2058.91633035458
55.944017251743745,-3.1876895004006904,NE,55.9442293837781,-3.1874773683663347,1854.4931422549182,2057.66633035458
55.9442293837781,-3.1874773683663347,WNW,55.94434418880781,-3.187754532226088,1854.4931422549182,2056.41633035458
55.94434418880781,-3.187754532226088,SW,55.944132056773455,-3.187966664260444,1854.4931422549182,2055.16633035458
55.944132056773455,-3.187966664260444,ESE,55.944017251743745,-3.1876895004006904,1854.4931422549182,2053.91633035458
55.944017251743745,-3.1876895004006904,ENE,55.944132056773455,-3.187412336540937,1854.4931422549182,2052.66633035458
55.944132056773455,-3.187412336540937,ENE,55.944246861803165,-3.1871351726811836,1854.4931422549182,2051.41633035458
55.944246861803165,-3.1871351726811836,WNW,55.944361666832876,-3.187412336540937,1854.4931422549182,2050.16633035458
55.944361666832876,-3.187412336540937,W,55.944361666832876,-3.187712336540937,1854.4931422549182,2048.91633035458
55.944361666832876,-3.187712336540937,ENE,55.944476471862586,-3.187435172681184,1854.4931422549182,2047.6663303545802
55.944476471862586,-3.187435172681184,NE,55.94468860389694,-3.187223040646828,1854.4931422549182,2046.4163303545802
55.94468860389694,-3.187223040646828,ESE,55.94457379886723,-3.1869458767870746,1854.4931422549182,2045.1663303545802
55.94457379886723,-3.1869458767870746,WSW,55.94445899383752,-3.187223040646828,1854.4931422549182,2043.9163303545802
55.94445899383752,-3.187223040646828,WSW,55.94434418880781,-3.1875002045065814,1854.4931422549182,2042.6663303545802
55.94434418880781,-3.1875002045065814,E,55.94434418880781,-3.1872002045065813,1854.4931422549182,2041.4163303545802
55.94434418880781,-3.1872002045065813,WSW,55.9442293837781,-3.1874773683663347,1854.4931422549182,2040.1663303545802
55.9442293837781,-3.1874773683663347,W,55.9442293837781,-3.187777368366335,1854.4931422549182,2038.9163303545802
55.9442293837781,-3.187777368366335,NE,55.94444151581246,-3.187565236331979,1854.4931422549182,2037.6663303545802
55.94444151581246,-3.187565236331979,ENE,55.94455632084217,-3.1872880724722257,1854.4931422549182,2036.4163303545802
55.94455632084217,-3.1872880724722257,WSW,55.94444151581246,-3.187565236331979,1854.4931422549182,2035.1663303545802
55.94444151581246,-3.187565236331979,SSE,55.9441643519527,-3.1874504313022696,1854.4931422549182,2033.9163303545802
55.9441643519527,-3.1874504313022696,W,55.9441643519527,-3.1877504313022698,1854.4931422549182,2032.6663303545802
55.9441643519527,-3.1877504313022698,SSE,55.943887188092944,-3.1876356262725603,1854.4931422549182,2031.4163303545802
55.943887188092944,-3.1876356262725603,SSE,55.94361002423319,-3.1875208212428507,1854.4931422549182,2030.1663303545802
55.94361002423319,-3.1875208212428507,WNW,55.9437248292629,-3.187797985102604,1854.4931422549182,2028.9163303545802
55.9437248292629,-3.187797985102604,E,55.9437248292629,-3.187497985102604,1854.4931422549182,2027.6663303545802
55.9437248292629,-3.187497985102604,WNW,55.94383963429261,-3.1877751489623574,1854.4931422549182,2026.4163303545802
55.94383963429261,-3.1877751489623574,NW,55.944051766326965,-3.187987280996713,1854.4931422549182,2025.1663303545802
55.944051766326965,-3.187987280996713,W,55.944051766326965,-3.1882872809967133,1854.4931422549182,2023.9163303545802
55.944051766326965,-3.1882872809967133,W,55.944051766326965,-3.1885872809967135,1854.4931422549182,2022.6663303545802
55.944051766326965,-3.1885872809967135,ENE,55.944166571356675,-3.18831011713696,1854.4931422549182,2021.4163303545802
55.944166571356675,-3.18831011713696,ENE,55.944281376386385,-3.1880329532772067,1854.4931422549182,2020.1663303545802
55.944281376386385,-3.1880329532772067,ENE,55.944396181416096,-3.1877557894174533,1854.4931422549182,2018.9163303545802
55.944396181416096,-3.1877557894174533,ENE,55.944510986445806,-3.1874786255577,1854.4931422549182,2017.6663303545802
55.944510986445806,-3.1874786255577,ESE,55.944396181416096,-3.1872014616979465,1854.4931422549182,2016.4163303545802
55.944396181416096,-3.1872014616979465,W,55.944396181416096,-3.1875014616979467,1854.4931422549182,2015.1663303545802
55.944396181416096,-3.1875014616979467,WNW,55.944510986445806,-3.1877786255577,1854.4931422549182,2013.9163303545802
55.944510986445806,-3.1877786255577,ENE,55.94462579147552,-3.1875014616979467,1854.4931422549182,2012.6663303545802
55.94462579147552,-3.1875014616979467,ESE,55.944510986445806,-3.1872242978381933,1854.4931422549182,2011.4163303545802
55.944510986445806,-3.1872242978381933,ESE,55.944396181416096,-3.18694713397844,1854.4931422549182,2010.1663303545802
55.944396181416096,-3.18694713397844,W,55.944396181416096,-3.18724713397844,1854.4931422549182,2008.9163303545802
55.944396181416096,-3.18724713397844,ENE,55.944510986445806,-3.1869699701186867,1854.4931422549182,2007.6663303545802
55.944510986445806,-3.1869699701186867,NNW,55.94478815030556,-3.187084775148396,1854.4931422549182,2006.4163303545802
55.94478815030556,-3.187084775148396,WSW,55.94467334527585,-3.1873619390081496,1854.4931422549182,2005.1663303545802
55.94467334527585,-3.1873619390081496,SE,55.944461213241496,-3.187149806973794,1854.4931422549182,2003.9163303545802
55.944461213241496,-3.187149806973794,WNW,55.944576018271206,-3.187426970833547,1854.4931422549182,2002.6663303545802
55.944576018271206,-3.187426970833547,SSE,55.94429885441145,-3.1873121658038377,1854.4931422549182,2001.4163303545802
55.94429885441145,-3.1873121658038377,E,55.94429885441145,-3.1870121658038375,1854.4931422549182,2000.1663303545802
55.94429885441145,-3.1870121658038375,WNW,55.94441365944116,-3.187289329663591,1854.4931422549182,1998.9163303545802
55.94441365944116,-3.187289329663591,ENE,55.94452846447087,-3.1870121658038375,1854.4931422549182,1997.6663303545802
55.94452846447087,-3.1870121658038375,SSE,55.944251300611114,-3.186897360774128,1854.4931422549182,1996.4163303545802
55.944251300611114,-3.186897360774128,WSW,55.944136495581404,-3.1871745246338814,1854.4931422549182,1995.1663303545802
55.944136495581404,-3.1871745246338814,WSW,55.94402169055169,-3.187451688493635,1854.4931422549182,1993.9163303545802
55.94402169055169,-3.187451688493635,N,55.944321690551696,-3.187451688493635,1854.4931422549182,1992.6663303545802
55.944321690551696,-3.187451688493635,W,55.944321690551696,-3.187751688493635,1854.4931422549182,1991.4163303545802
55.944321690551696,-3.187751688493635,E,55.944321690551696,-3.187451688493635,1854.4931422549182,1990.1663303545802
55.944321690551696,-3.187451688493635,WNW,55.94443649558141,-3.187728852353388,1854.4931422549182,1988.9163303545802
55.94443649558141,-3.187728852353388,E,55.94443649558141,-3.187428852353388,1854.4931422549182,1987.6663303545802
55.94443649558141,-3.187428852353388,WSW,55.944321690551696,-3.1877060162131414,1854.4931422549182,1986.4163303545802
55.944321690551696,-3.1877060162131414,SE,55.94410955851734,-3.1874938841787857,1854.4931422549182,1985.1663303545802
55.94410955851734,-3.1874938841787857,W,55.94410955851734,-3.187793884178786,1854.4931422549182,1983.9163303545802
55.94410955851734,-3.187793884178786,NW,55.944321690551696,-3.1880060162131416,1854.4931422549182,1982.6663303545802
55.944321690551696,-3.1880060162131416,WNW,55.94443649558141,-3.188283180072895,1854.4931422549182,1981.4163303545802
55.94443649558141,-3.188283180072895,W,55.94443649558141,-3.188583180072895,1854.4931422549182,1980.1663303545802
55.94443649558141,-3.188583180072895,NW,55.94464862761576,-3.188795312107251,1854.4931422549182,1978.9163303545802
55.94464862761576,-3.188795312107251,W,55.94464862761576,-3.189095312107251,1854.4931422549182,1977.6663303545802
55.94464862761576,-3.189095312107251,NNE,55.94492579147552,-3.1889805070775417,1854.4931422549182,1976.4163303545802
55.94492579147552,-3.1889805070775417,W,55.94492579147552,-3.189280507077542,1854.4931422549182,1975.1663303545802
55.94492579147552,-3.189280507077542,SW,55.94471365944116,-3.1894926391118976,1854.4931422549182,1973.9163303545802
55.94471365944116,-3.1894926391118976,NNE,55.94499082330092,-3.189377834082188,1854.4931422549182,1972.6663303545802
55.94499082330092,-3.189377834082188,SSW,55.94471365944116,-3.1894926391118976,1854.4931422549182,1971.4163303545802
55.94471365944116,-3.1894926391118976,ENE,55.94482846447087,-3.189215475252144,1854.4931422549182,1970.1663303545802
55.94482846447087,-3.189215475252144,WSW,55.94471365944116,-3.1894926391118976,1854.4931422549182,1968.9163303545802
55.94471365944116,-3.1894926391118976,E,55.94471365944116,-3.1891926391118974,1854.4931422549182,1967.6663303545802
55.94471365944116,-3.1891926391118974,WSW,55.94459885441145,-3.189469802971651,1854.4931422549182,1966.4163303545802
55.94459885441145,-3.189469802971651,ESE,55.94448404938174,-3.1891926391118974,1854.4931422549182,1965.1663303545802
55.94448404938174,-3.1891926391118974,SSE,55.944206885521986,-3.189077834082188,1854.4931422549182,1963.9163303545802
55.944206885521986,-3.189077834082188,SE,55.94399475348763,-3.188865702047832,1854.4931422549182,1962.6663303545802
55.94399475348763,-3.188865702047832,SSW,55.94371758962787,-3.1889805070775417,1854.4931422549182,1961.4163303545802
55.94371758962787,-3.1889805070775417,W,55.94371758962787,-3.189280507077542,1854.4931422549182,1960.1663303545802
55.94371758962787,-3.189280507077542,NE,55.94392972166223,-3.189068375043186,1854.4931422549182,1958.9163303545802
55.94392972166223,-3.189068375043186,N,55.94422972166223,-3.189068375043186,1854.4931422549182,1957.6663303545802
55.94422972166223,-3.189068375043186,SE,55.944017589627876,-3.1888562430088303,1854.4931422549182,1956.4163303545802
55.944017589627876,-3.1888562430088303,ENE,55.944132394657586,-3.188579079149077,1854.4931422549182,1955.1663303545802
55.944132394657586,-3.188579079149077,SW,55.94392026262323,-3.1887912111834327,1854.4931422549182,1953.9163303545802
55.94392026262323,-3.1887912111834327,WSW,55.94380545759352,-3.189068375043186,1854.4931422549182,1952.6663303545802
55.94380545759352,-3.189068375043186,NW,55.944017589627876,-3.189280507077542,1854.4931422549182,1951.4163303545802
55.944017589627876,-3.189280507077542,W,55.944017589627876,-3.189580507077542,1854.4931422549182,1950.1663303545802
55.944017589627876,-3.189580507077542,ENE,55.944132394657586,-3.1893033432177886,1854.4931422549182,1948.9163303545802
55.944132394657586,-3.1893033432177886,E,55.944132394657586,-3.1890033432177884,1854.4931422549182,1947.6663303545802
55.944132394657586,-3.1890033432177884,ESE,55.944017589627876,-3.188726179358035,1854.4931422549182,1946.4163303545802
55.944017589627876,-3.188726179358035,WNW,55.944132394657586,-3.1890033432177884,1854.4931422549182,1945.1663303545802
55.944132394657586,-3.1890033432177884,ESE,55.944017589627876,-3.188726179358035,1854.4931422549182,1943.9163303545802
55.944017589627876,-3.188726179358035,WNW,55.944132394657586,-3.1890033432177884,1854.4931422549182,1942.6663303545802
55.944132394657586,-3.1890033432177884,WNW,55.9442471996873,-3.189280507077542,1854.4931422549182,1941.4163303545802
55.9442471996873,-3.189280507077542,WNW,55.94436200471701,-3.1895576709372953,1854.4931422549182,1940.1663303545802
55.94436200471701,-3.1895576709372953,WNW,55.94447680974672,-3.1898348347970487,1854.4931422549182,1938.9163303545802
55.94447680974672,-3.1898348347970487,WNW,55.94459161477643,-3.190111998656802,1854.4931422549182,1937.6663303545802
55.94459161477643,-3.190111998656802,WNW,55.94470641980614,-3.1903891625165555,1854.4931422549182,1936.4163303545802
55.94470641980614,-3.1903891625165555,WNW,55.94482122483585,-3.190666326376309,1854.4931422549182,1935.1663303545802
55.94482122483585,-3.190666326376309,NW,55.945033356870205,-3.1908784584106646,1854.4931422549182,1933.9163303545802
55.945033356870205,-3.1908784584106646,WNW,55.945148161899915,-3.191155622270418,1854.4931422549182,1932.6663303545802
55.945148161899915,-3.191155622270418,NW,55.94536029393427,-3.191367754304774,1854.4931422549182,1931.4163303545802
55.94536029393427,-3.191367754304774,WNW,55.94547509896398,-3.1916449181645272,1854.4931422549182,1930.1663303545802
55.94547509896398,-3.1916449181645272,N,55.945775098963985,-3.1916449181645272,1854.4931422549182,1928.9163303545802
55.945775098963985,-3.1916449181645272,S,55.94547509896398,-3.1916449181645272,1854.4931422549182,1927.6663303545802
55.94547509896398,-3.1916449181645272,N,55.945775098963985,-3.1916449181645272,1854.4931422549182,1926.4163303545802
55.945775098963985,-3.1916449181645272,S,55.94547509896398,-3.1916449181645272,1854.4931422549182,1925.1663303545802
55.94547509896398,-3.1916449181645272,ESE,55.94536029393427,-3.191367754304774,1854.4931422549182,1923.9163303545802
55.94536029393427,-3.191367754304774,ESE,55.94524548890456,-3.1910905904450204,1854.4931422549182,1922.6663303545802
55.94524548890456,-3.1910905904450204,SSE,55.944968325044805,-3.190975785415311,1854.4931422549182,1921.4163303545802
55.944968325044805,-3.190975785415311,S,55.9446683250448,-3.190975785415311,1854.4931422549182,1920.1663303545802
55.9446683250448,-3.190975785415311,NE,55.94488045707916,-3.190763653380955,1854.4931422549182,1918.9163303545802
55.94488045707916,-3.190763653380955,ESE,55.94476565204945,-3.1904864895212017,1854.4931422549182,1917.6663303545802
55.94476565204945,-3.1904864895212017,E,55.94476565204945,-3.1901864895212015,1854.4931422549182,1916.4163303545802
55.94476565204945,-3.1901864895212015,E,55.94476565204945,-3.1898864895212014,1854.4931422549182,1915.1663303545802
55.94476565204945,-3.1898864895212014,SE,55.94455352001509,-3.1896743574868456,1854.4931422549182,1913.9163303545802
55.94455352001509,-3.1896743574868456,SE,55.944341387980735,-3.18946222545249,1854.4931422549182,1912.6663303545802
55.944341387980735,-3.18946222545249,WSW,55.944226582951025,-3.189739389312243,1854.4931422549182,1911.4163303545802
55.944226582951025,-3.189739389312243,ESE,55.944111777921314,-3.18946222545249,1854.4931422549182,1910.1663303545802
55.944111777921314,-3.18946222545249,WSW,55.943996972891604,-3.189739389312243,1854.4931422549182,1908.9163303545802
55.943996972891604,-3.189739389312243,ESE,55.943882167861894,-3.18946222545249,1854.4931422549182,1907.6663303545802
55.943882167861894,-3.18946222545249,NW,55.94409429989625,-3.1896743574868456,1854.4931422549182,1906.4163303545802
55.94409429989625,-3.1896743574868456,ESE,55.94397949486654,-3.189397193627092,1854.4931422549182,1905.1663303545802
55.94397949486654,-3.189397193627092,SSE,55.94370233100678,-3.1892823885973827,1854.4931422549182,1903.9163303545802
55.94370233100678,-3.1892823885973827,ESE,55.94358752597707,-3.1890052247376293,1854.4931422549182,1902.6663303545802
55.94358752597707,-3.1890052247376293,ESE,55.94347272094736,-3.188728060877876,1854.4931422549182,1901.4163303545802
55.94347272094736,-3.188728060877876,NE,55.94368485298172,-3.18851592884352,1854.4931422549182,1900.1663303545802
55.94368485298172,-3.18851592884352,NNW,55.943962016841475,-3.1886307338732296,1854.4931422549182,1898.9163303545802
55.943962016841475,-3.1886307338732296,NE,55.94417414887583,-3.188418601838874,1854.4931422549182,1897.6663303545802
55.94417414887583,-3.188418601838874,NE,55.94438628091019,-3.188206469804518,1854.4931422549182,1896.4163303545802
55.94438628091019,-3.188206469804518,WSW,55.94427147588048,-3.1884836336642715,1854.4931422549182,1895.1663303545802
55.94427147588048,-3.1884836336642715,NNW,55.94454863974023,-3.188598438693981,1854.4931422549182,1893.9163303545802
55.94454863974023,-3.188598438693981,E,55.94454863974023,-3.1882984386939808,1854.4931422549182,1892.6663303545802
55.94454863974023,-3.1882984386939808,E,55.94454863974023,-3.1879984386939806,1854.4931422549182,1891.4163303545802
55.94454863974023,-3.1879984386939806,S,55.94424863974023,-3.1879984386939806,1854.4931422549182,1890.1663303545802
55.94424863974023,-3.1879984386939806,E,55.94424863974023,-3.1876984386939804,1854.4931422549182,1888.9163303545802
55.94424863974023,-3.1876984386939804,E,55.94424863974023,-3.18739843869398,1854.4931422549182,1887.6663303545802
55.94424863974023,-3.18739843869398,WNW,55.94436344476994,-3.1876756025537336,1854.4931422549182,1886.4163303545802
55.94436344476994,-3.1876756025537336,NE,55.9445755768043,-3.187463470519378,1854.4931422549182,1885.1663303545802
55.9445755768043,-3.187463470519378,WNW,55.94469038183401,-3.1877406343791312,1854.4931422549182,1883.9163303545802
55.94469038183401,-3.1877406343791312,W,55.94469038183401,-3.1880406343791314,1854.4931422549182,1882.6663303545802
55.94469038183401,-3.1880406343791314,WSW,55.9445755768043,-3.188317798238885,1854.4931422549182,1881.4163303545802
55.9445755768043,-3.188317798238885,W,55.9445755768043,-3.188617798238885,1854.4931422549182,1880.1663303545802
55.9445755768043,-3.188617798238885,W,55.9445755768043,-3.188917798238885,1854.4931422549182,1878.9163303545802
55.9445755768043,-3.188917798238885,NW,55.94478770883865,-3.189129930273241,1854.4931422549182,1877.6663303545802
