55.944425,-3.188396,NNW,55.94470216385976,-3.1885108050297095,0.0,248.75
55.94470216385976,-3.1885108050297095,SE,55.9444900318254,-3.1882986729953537,0.0,247.5
55.9444900318254,-3.1882986729953537,ESE,55.94437522679569,-3.1880215091356003,0.0,246.25
55.94437522679569,-3.1880215091356003,SSE,55.944098062935936,-3.187906704105891,0.0,245.0
55.944098062935936,-3.187906704105891,SE,55.94388593090158,-3.187694572071535,121.40203890509065,292.3498370760129
55.94388593090158,-3.187694572071535,SW,55.94367379886722,-3.187906704105891,121.40203890509065,291.0998370760129
55.94367379886722,-3.187906704105891,SSE,55.94339663500747,-3.1877918990761813,197.0252600636228,304.5739180036016
55.94339663500747,-3.1877918990761813,SSE,55.94311947114771,-3.187677094046472,211.4072299675193,419.2991691335225
55.94311947114771,-3.187677094046472,E,55.94311947114771,-3.1873770940464716,211.4072299675193,418.0491691335225
55.94311947114771,-3.1873770940464716,W,55.94311947114771,-3.187677094046472,211.4072299675193,416.7991691335225
55.94311947114771,-3.187677094046472,WSW,55.943004666118,-3.187954257906225,211.4072299675193,415.5491691335225
55.943004666118,-3.187954257906225,SE,55.942792534083644,-3.1877421258718694,211.4072299675193,414.2991691335225
55.942792534083644,-3.1877421258718694,N,55.94309253408365,-3.1877421258718694,211.4072299675193,413.0491691335225
55.94309253408365,-3.1877421258718694,NNW,55.9433696979434,-3.187856930901579,211.4072299675193,411.7991691335225
55.9433696979434,-3.187856930901579,SW,55.94315756590905,-3.1880690629359347,211.4072299675193,410.5491691335225
55.94315756590905,-3.1880690629359347,SE,55.94294543387469,-3.187856930901579,211.4072299675193,409.2991691335225
55.94294543387469,-3.187856930901579,ENE,55.9430602389044,-3.1875797670418256,211.4072299675193,408.0491691335225
55.9430602389044,-3.1875797670418256,SSW,55.942783075044645,-3.187694572071535,211.4072299675193,406.7991691335225
55.942783075044645,-3.187694572071535,ESE,55.942668270014934,-3.1874174082117817,211.4072299675193,405.5491691335225
55.942668270014934,-3.1874174082117817,W,55.942668270014934,-3.187717408211782,211.4072299675193,404.2991691335225
55.942668270014934,-3.187717408211782,NW,55.94288040204929,-3.1879295402461376,211.4072299675193,403.0491691335225
55.94288040204929,-3.1879295402461376,SW,55.942668270014934,-3.1881416722804934,211.4072299675193,401.7991691335225
55.942668270014934,-3.1881416722804934,WNW,55.942783075044645,-3.188418836140247,211.4072299675193,400.5491691335225
55.942783075044645,-3.188418836140247,NE,55.942995207079,-3.188206704105891,211.4072299675193,399.2991691335225
55.942995207079,-3.188206704105891,ENE,55.94311001210871,-3.1879295402461376,211.4072299675193,398.0491691335225
55.94311001210871,-3.1879295402461376,W,55.94311001210871,-3.188229540246138,211.4072299675193,396.7991691335225
55.94311001210871,-3.188229540246138,ENE,55.94322481713842,-3.1879523763863844,211.4072299675193,395.5491691335225
55.94322481713842,-3.1879523763863844,SE,55.943012685104065,-3.1877402443520286,211.4072299675193,394.2991691335225
55.943012685104065,-3.1877402443520286,ESE,55.942897880074355,-3.1874630804922752,211.4072299675193,393.0491691335225
55.942897880074355,-3.1874630804922752,NE,55.94311001210871,-3.1872509484579195,211.4072299675193,391.7991691335225
55.94311001210871,-3.1872509484579195,NNE,55.94338717596847,-3.18713614342821,240.9850483936416,416.4306640504159
55.94338717596847,-3.18713614342821,SSW,55.94311001210871,-3.1872509484579195,240.9850483936416,415.1806640504159
55.94311001210871,-3.1872509484579195,S,55.94281001210871,-3.1872509484579195,240.9850483936416,413.9306640504159
55.94281001210871,-3.1872509484579195,N,55.94311001210871,-3.1872509484579195,240.9850483936416,412.6806640504159
55.94311001210871,-3.1872509484579195,SSE,55.942832848248955,-3.18713614342821,240.9850483936416,411.4306640504159
55.942832848248955,-3.18713614342821,ESE,55.942718043219244,-3.1868589795684565,240.9850483936416,410.1806640504159
55.942718043219244,-3.1868589795684565,W,55.942718043219244,-3.1871589795684567,240.9850483936416,408.9306640504159
55.942718043219244,-3.1871589795684567,N,55.94301804321925,-3.1871589795684567,240.9850483936416,407.6806640504159
55.94301804321925,-3.1871589795684567,W,55.94301804321925,-3.187458979568457,240.9850483936416,406.4306640504159
55.94301804321925,-3.187458979568457,SSE,55.94274087935949,-3.1873441745387474,240.9850483936416,405.1806640504159
55.94274087935949,-3.1873441745387474,NE,55.94295301139385,-3.1871320425043916,240.9850483936416,403.9306640504159
55.94295301139385,-3.1871320425043916,N,55.94325301139385,-3.1871320425043916,240.9850483936416,402.6806640504159
55.94325301139385,-3.1871320425043916,S,55.94295301139385,-3.1871320425043916,240.9850483936416,401.4306640504159
55.94295301139385,-3.1871320425043916,NNW,55.9432301752536,-3.187246847534101,240.9850483936416,400.1806640504159
55.9432301752536,-3.187246847534101,SE,55.94301804321925,-3.1870347154997454,240.9850483936416,398.9306640504159
55.94301804321925,-3.1870347154997454,N,55.94331804321925,-3.1870347154997454,240.9850483936416,397.6806640504159
55.94331804321925,-3.1870347154997454,S,55.94301804321925,-3.1870347154997454,240.9850483936416,396.4306640504159
55.94301804321925,-3.1870347154997454,WNW,55.94313284824896,-3.187311879359499,240.9850483936416,395.1806640504159
55.94313284824896,-3.187311879359499,W,55.94313284824896,-3.187611879359499,240.9850483936416,393.9306640504159
55.94313284824896,-3.187611879359499,SE,55.9429207162146,-3.187399747325143,240.9850483936416,392.6806640504159
55.9429207162146,-3.187399747325143,ENE,55.94303552124431,-3.18712258346539,240.9850483936416,391.4306640504159
55.94303552124431,-3.18712258346539,NW,55.94324765327867,-3.1873347154997456,240.9850483936416,390.1806640504159
55.94324765327867,-3.1873347154997456,E,55.94324765327867,-3.1870347154997454,240.9850483936416,388.9306640504159
55.94324765327867,-3.1870347154997454,NE,55.943459785313024,-3.1868225834653896,240.9850483936416,387.6806640504159
55.943459785313024,-3.1868225834653896,E,55.943459785313024,-3.1865225834653894,240.9850483936416,386.4306640504159
55.943459785313024,-3.1865225834653894,SE,55.94324765327867,-3.1863104514310336,240.9850483936416,385.1806640504159
55.94324765327867,-3.1863104514310336,SE,55.94303552124431,-3.186098319396678,240.9850483936416,383.9306640504159
55.94303552124431,-3.186098319396678,NE,55.94324765327867,-3.185886187362322,265.07716595659605,403.3467816501341
55.94324765327867,-3.185886187362322,NNE,55.943524817138425,-3.1857713823326126,265.07716595659605,402.0967816501341
55.943524817138425,-3.1857713823326126,S,55.94322481713842,-3.1857713823326126,265.07716595659605,400.8467816501341
55.94322481713842,-3.1857713823326126,NE,55.94343694917278,-3.185559250298257,265.07716595659605,399.5967816501341
55.94343694917278,-3.185559250298257,E,55.94343694917278,-3.1852592502982566,265.07716595659605,398.3467816501341
55.94343694917278,-3.1852592502982566,ENE,55.94355175420249,-3.1849820864385032,332.7350626456365,464.68439788375713
55.94355175420249,-3.1849820864385032,W,55.94355175420249,-3.1852820864385034,332.7350626456365,463.43439788375713
55.94355175420249,-3.1852820864385034,E,55.94355175420249,-3.1849820864385032,332.7350626456365,462.18439788375713
55.94355175420249,-3.1849820864385032,ESE,55.94343694917278,-3.18470492257875,332.7350626456365,460.93439788375713
55.94343694917278,-3.18470492257875,NE,55.943649081207134,-3.184492790544394,401.65726184180846,476.8012660262358
55.943649081207134,-3.184492790544394,WNW,55.943763886236844,-3.1847699544041475,401.65726184180846,475.5512660262358
55.943763886236844,-3.1847699544041475,E,55.943763886236844,-3.1844699544041473,401.65726184180846,474.3012660262358
55.943763886236844,-3.1844699544041473,SSW,55.94348672237709,-3.1845847594338568,401.65726184180846,473.0512660262358
55.94348672237709,-3.1845847594338568,NNE,55.943763886236844,-3.1844699544041473,401.65726184180846,471.8012660262358
55.943763886236844,-3.1844699544041473,NNW,55.9440410500966,-3.1845847594338568,401.65726184180846,470.5512660262358
55.9440410500966,-3.1845847594338568,N,55.944341050096604,-3.1845847594338568,433.0525655215688,579.275478580964
55.944341050096604,-3.1845847594338568,NNW,55.94461821395636,-3.1846995644635663,433.0525655215688,578.025478580964
55.94461821395636,-3.1846995644635663,SW,55.944406081922004,-3.184911696497922,433.0525655215688,576.775478580964
55.944406081922004,-3.184911696497922,NNW,55.94468324578176,-3.1850265015276316,433.0525655215688,575.525478580964
55.94468324578176,-3.1850265015276316,NNW,55.94496040964152,-3.185141306557341,433.0525655215688,574.275478580964
55.94496040964152,-3.185141306557341,E,55.94496040964152,-3.184841306557341,433.0525655215688,573.025478580964
55.94496040964152,-3.184841306557341,W,55.94496040964152,-3.185141306557341,433.0525655215688,571.775478580964
55.94496040964152,-3.185141306557341,NNW,55.945237573501274,-3.1852561115870506,433.0525655215688,570.525478580964
55.945237573501274,-3.1852561115870506,N,55.94553757350128,-3.1852561115870506,458.8865359803443,680.6629669859813
55.94553757350128,-3.1852561115870506,S,55.945237573501274,-3.1852561115870506,458.8865359803443,679.4129669859813
55.945237573501274,-3.1852561115870506,SSW,55.94496040964152,-3.18537091661676,458.8865359803443,678.1629669859813
55.94496040964152,-3.18537091661676,WSW,55.94484560461181,-3.1856480804765135,458.8865359803443,676.9129669859813
55.94484560461181,-3.1856480804765135,SE,55.94463347257745,-3.1854359484421577,458.8865359803443,675.6629669859813
55.94463347257745,-3.1854359484421577,E,55.94463347257745,-3.1851359484421575,458.8865359803443,674.4129669859813
55.94463347257745,-3.1851359484421575,NNE,55.94491063643721,-3.185021143412448,458.8865359803443,673.1629669859813
55.94491063643721,-3.185021143412448,ESE,55.9447958314075,-3.1847439795526946,458.8865359803443,671.9129669859813
55.9447958314075,-3.1847439795526946,ENE,55.94491063643721,-3.184466815692941,458.8865359803443,670.6629669859813
55.94491063643721,-3.184466815692941,SSE,55.94463347257745,-3.1843520106632317,458.8865359803443,669.4129669859813
55.94463347257745,-3.1843520106632317,WSW,55.94451866754774,-3.184629174522985,458.8865359803443,668.1629669859813
55.94451866754774,-3.184629174522985,SE,55.944306535513384,-3.1844170424886293,458.8865359803443,666.9129669859813
55.944306535513384,-3.1844170424886293,SSW,55.94402937165363,-3.184531847518339,458.8865359803443,665.6629669859813
55.94402937165363,-3.184531847518339,NNW,55.944306535513384,-3.1846466525480484,458.8865359803443,664.4129669859813
55.944306535513384,-3.1846466525480484,NNW,55.94458369937314,-3.184761457577758,458.8865359803443,663.1629669859813
55.94458369937314,-3.184761457577758,SE,55.944371567338784,-3.184549325543402,458.8865359803443,661.9129669859813
55.944371567338784,-3.184549325543402,SSW,55.94409440347903,-3.1846641305731116,458.8865359803443,660.6629669859813
55.94409440347903,-3.1846641305731116,WSW,55.94397959844932,-3.184941294432865,458.8865359803443,659.4129669859813
55.94397959844932,-3.184941294432865,E,55.94397959844932,-3.184641294432865,458.8865359803443,658.1629669859813
55.94397959844932,-3.184641294432865,WSW,55.94386479341961,-3.184918458292618,458.8865359803443,656.9129669859813
55.94386479341961,-3.184918458292618,S,55.943564793419604,-3.184918458292618,458.8865359803443,655.6629669859813
55.943564793419604,-3.184918458292618,NW,55.94377692545396,-3.185130590326974,458.8865359803443,654.4129669859813
55.94377692545396,-3.185130590326974,SW,55.943564793419604,-3.1853427223613298,458.8865359803443,653.1629669859813
55.943564793419604,-3.1853427223613298,E,55.943564793419604,-3.1850427223613296,458.8865359803443,651.9129669859813
55.943564793419604,-3.1850427223613296,SSW,55.94328762955985,-3.185157527391039,458.8865359803443,650.6629669859813
55.94328762955985,-3.185157527391039,WNW,55.94340243458956,-3.1854346912507925,458.8865359803443,649.4129669859813
55.94340243458956,-3.1854346912507925,SSE,55.9431252707298,-3.185319886221083,458.8865359803443,648.1629669859813
55.9431252707298,-3.185319886221083,SSE,55.942848106870045,-3.1852050811913735,465.7819290838363,648.7865261340387
55.942848106870045,-3.1852050811913735,E,55.942848106870045,-3.1849050811913733,465.7819290838363,647.5365261340387
55.942848106870045,-3.1849050811913733,ENE,55.942962911899755,-3.18462791733162,544.1981055360137,648.1910670320802
55.942962911899755,-3.18462791733162,ESE,55.942848106870045,-3.1843507534718665,544.1981055360137,646.9410670320802
55.942848106870045,-3.1843507534718665,SW,55.94263597483569,-3.1845628855062222,544.1981055360137,645.6910670320802
55.94263597483569,-3.1845628855062222,WNW,55.9427507798654,-3.1848400493659756,544.1981055360137,644.4410670320802
55.9427507798654,-3.1848400493659756,ESE,55.94263597483569,-3.1845628855062222,544.1981055360137,643.1910670320802
55.94263597483569,-3.1845628855062222,W,55.94263597483569,-3.1848628855062224,544.1981055360137,641.9410670320802
55.94263597483569,-3.1848628855062224,NW,55.942848106870045,-3.185075017540578,544.1981055360137,640.6910670320802
55.942848106870045,-3.185075017540578,N,55.94314810687005,-3.185075017540578,544.1981055360137,639.4410670320802
55.94314810687005,-3.185075017540578,NW,55.943360238904404,-3.185287149574934,544.1981055360137,638.1910670320802
55.943360238904404,-3.185287149574934,NW,55.94357237093876,-3.1854992816092897,544.1981055360137,636.9410670320802
55.94357237093876,-3.1854992816092897,SSW,55.943295207079004,-3.1856140866389993,544.1981055360137,635.6910670320802
55.943295207079004,-3.1856140866389993,SSE,55.94301804321925,-3.1854992816092897,544.1981055360137,634.4410670320802
55.94301804321925,-3.1854992816092897,S,55.942718043219244,-3.1854992816092897,544.1981055360137,633.1910670320802
55.942718043219244,-3.1854992816092897,E,55.942718043219244,-3.1851992816092896,544.1981055360137,631.9410670320802
55.942718043219244,-3.1851992816092896,N,55.94301804321925,-3.1851992816092896,544.1981055360137,630.6910670320802
55.94301804321925,-3.1851992816092896,ESE,55.94290323818954,-3.184922117749536,544.1981055360137,629.4410670320802
55.94290323818954,-3.184922117749536,SSE,55.94262607432978,-3.1848073127198266,544.1981055360137,628.1910670320802
55.94262607432978,-3.1848073127198266,E,55.94262607432978,-3.1845073127198265,544.1981055360137,626.9410670320802
55.94262607432978,-3.1845073127198265,NNE,55.94290323818954,-3.184392507690117,544.1981055360137,625.6910670320802
55.94290323818954,-3.184392507690117,W,55.94290323818954,-3.184692507690117,544.1981055360137,624.4410670320802
55.94290323818954,-3.184692507690117,NNW,55.94318040204929,-3.1848073127198266,544.1981055360137,623.1910670320802
55.94318040204929,-3.1848073127198266,S,55.94288040204929,-3.1848073127198266,544.1981055360137,621.9410670320802
55.94288040204929,-3.1848073127198266,ESE,55.94276559701958,-3.1845301488600732,544.1981055360137,620.6910670320802
55.94276559701958,-3.1845301488600732,W,55.94276559701958,-3.1848301488600734,544.1981055360137,619.4410670320802
55.94276559701958,-3.1848301488600734,NE,55.942977729053936,-3.1846180168257177,544.1981055360137,618.1910670320802
55.942977729053936,-3.1846180168257177,NW,55.94318986108829,-3.1848301488600734,544.1981055360137,616.9410670320802
55.94318986108829,-3.1848301488600734,SW,55.942977729053936,-3.185042280894429,544.1981055360137,615.6910670320802
55.942977729053936,-3.185042280894429,NNE,55.94325489291369,-3.1849274758647197,544.1981055360137,614.4410670320802
55.94325489291369,-3.1849274758647197,S,55.94295489291369,-3.1849274758647197,544.1981055360137,613.1910670320802
55.94295489291369,-3.1849274758647197,ESE,55.94284008788398,-3.1846503120049663,544.1981055360137,611.9410670320802
55.94284008788398,-3.1846503120049663,ESE,55.94272528285427,-3.184373148145213,544.1981055360137,610.6910670320802
55.94272528285427,-3.184373148145213,WNW,55.94284008788398,-3.1846503120049663,544.1981055360137,609.4410670320802
55.94284008788398,-3.1846503120049663,NW,55.943052219918336,-3.184862444039322,544.1981055360137,608.1910670320802
55.943052219918336,-3.184862444039322,NE,55.94326435195269,-3.1846503120049663,544.1981055360137,606.9410670320802
55.94326435195269,-3.1846503120049663,N,55.943564351952695,-3.1846503120049663,544.1981055360137,605.6910670320802
55.943564351952695,-3.1846503120049663,NW,55.94377648398705,-3.184862444039322,544.1981055360137,604.4410670320802
55.94377648398705,-3.184862444039322,N,55.944076483987054,-3.184862444039322,544.1981055360137,603.1910670320802
55.944076483987054,-3.184862444039322,SSE,55.9437993201273,-3.1847476390096126,544.1981055360137,601.9410670320802
55.9437993201273,-3.1847476390096126,N,55.9440993201273,-3.1847476390096126,544.1981055360137,600.6910670320802
55.9440993201273,-3.1847476390096126,WNW,55.94421412515701,-3.185024802869366,544.1981055360137,599.4410670320802
55.94421412515701,-3.185024802869366,WSW,55.9440993201273,-3.1853019667291194,544.1981055360137,598.1910670320802
55.9440993201273,-3.1853019667291194,WNW,55.94421412515701,-3.1855791305888728,544.1981055360137,596.9410670320802
55.94421412515701,-3.1855791305888728,WSW,55.9440993201273,-3.185856294448626,544.1981055360137,595.6910670320802
55.9440993201273,-3.185856294448626,SW,55.943887188092944,-3.186068426482982,544.1981055360137,594.4410670320802
55.943887188092944,-3.186068426482982,NW,55.9440993201273,-3.1862805585173377,544.1981055360137,593.1910670320802
55.9440993201273,-3.1862805585173377,NW,55.94431145216166,-3.1864926905516935,544.1981055360137,591.9410670320802
55.94431145216166,-3.1864926905516935,N,55.94461145216166,-3.1864926905516935,593.4997942715672,631.6613756390802
55.94461145216166,-3.1864926905516935,WSW,55.94449664713195,-3.186769854411447,593.4997942715672,630.4113756390802
55.94449664713195,-3.186769854411447,SE,55.94428451509759,-3.186557722377091,593.4997942715672,629.1613756390802
55.94428451509759,-3.186557722377091,NW,55.94449664713195,-3.186769854411447,593.4997942715672,627.9113756390802
55.94449664713195,-3.186769854411447,SSE,55.94421948327219,-3.1866550493817374,593.4997942715672,626.6613756390802
55.94421948327219,-3.1866550493817374,W,55.94421948327219,-3.1869550493817376,593.4997942715672,625.4113756390802
55.94421948327219,-3.1869550493817376,N,55.944519483272195,-3.1869550493817376,593.4997942715672,624.1613756390802
55.944519483272195,-3.1869550493817376,NNW,55.94479664713195,-3.187069854411447,593.4997942715672,622.9113756390802
55.94479664713195,-3.187069854411447,NNW,55.94507381099171,-3.1871846594411566,593.4997942715672,621.6613756390802
55.94507381099171,-3.1871846594411566,WSW,55.944959005962,-3.18746182330091,593.4997942715672,620.4113756390802
55.944959005962,-3.18746182330091,SSW,55.94468184210224,-3.1875766283306195,593.4997942715672,619.1613756390802
55.94468184210224,-3.1875766283306195,NNE,55.944959005962,-3.18746182330091,593.4997942715672,617.9113756390802
55.944959005962,-3.18746182330091,ENE,55.94507381099171,-3.1871846594411566,593.4997942715672,616.6613756390802
55.94507381099171,-3.1871846594411566,WNW,55.94518861602142,-3.18746182330091,593.4997942715672,615.4113756390802
55.94518861602142,-3.18746182330091,ENE,55.94530342105113,-3.1871846594411566,593.4997942715672,614.1613756390802
55.94530342105113,-3.1871846594411566,N,55.94560342105113,-3.1871846594411566,671.3559445993558,659.8338852189058
55.94560342105113,-3.1871846594411566,N,55.945903421051135,-3.1871846594411566,685.7831977757616,689.322803998113
55.945903421051135,-3.1871846594411566,NNE,55.94618058491089,-3.187069854411447,685.7831977757616,688.072803998113
55.94618058491089,-3.187069854411447,S,55.94588058491089,-3.187069854411447,685.7831977757616,686.822803998113
55.94588058491089,-3.187069854411447,SW,55.94566845287653,-3.187281986445803,685.7831977757616,685.572803998113
55.94566845287653,-3.187281986445803,NE,55.94588058491089,-3.187069854411447,685.7831977757616,684.322803998113
55.94588058491089,-3.187069854411447,WNW,55.9459953899406,-3.1873470182712005,685.7831977757616,683.072803998113
55.9459953899406,-3.1873470182712005,W,55.9459953899406,-3.1876470182712007,685.7831977757616,681.822803998113
55.9459953899406,-3.1876470182712007,SSE,55.94571822608084,-3.187532213241491,685.7831977757616,680.572803998113
55.94571822608084,-3.187532213241491,W,55.94571822608084,-3.1878322132414914,685.7831977757616,679.322803998113
55.94571822608084,-3.1878322132414914,SW,55.945506094046486,-3.188044345275847,685.7831977757616,678.072803998113
55.945506094046486,-3.188044345275847,SE,55.94529396201213,-3.1878322132414914,685.7831977757616,676.822803998113
55.94529396201213,-3.1878322132414914,SE,55.945081829977774,-3.1876200812071356,685.7831977757616,675.572803998113
55.945081829977774,-3.1876200812071356,SSE,55.94480466611802,-3.187505276177426,685.7831977757616,674.322803998113
55.94480466611802,-3.187505276177426,S,55.944504666118014,-3.187505276177426,685.7831977757616,673.072803998113
55.944504666118014,-3.187505276177426,NNE,55.94478182997777,-3.1873904711477166,685.7831977757616,671.822803998113
55.94478182997777,-3.1873904711477166,N,55.945081829977774,-3.1873904711477166,685.7831977757616,670.572803998113
55.945081829977774,-3.1873904711477166,W,55.945081829977774,-3.1876904711477168,685.7831977757616,669.322803998113
55.945081829977774,-3.1876904711477168,NW,55.94529396201213,-3.1879026031820725,685.7831977757616,668.072803998113
55.94529396201213,-3.1879026031820725,WNW,55.94540876704184,-3.188179767041826,685.7831977757616,666.822803998113
55.94540876704184,-3.188179767041826,NE,55.9456208990762,-3.18796763500747,685.7831977757616,665.572803998113
55.9456208990762,-3.18796763500747,SSE,55.94534373521644,-3.1878528299777606,685.7831977757616,664.322803998113
55.94534373521644,-3.1878528299777606,E,55.94534373521644,-3.1875528299777605,685.7831977757616,663.072803998113
55.94534373521644,-3.1875528299777605,WSW,55.94522893018673,-3.187829993837514,685.7831977757616,661.822803998113
55.94522893018673,-3.187829993837514,WSW,55.94511412515702,-3.1881071576972673,685.7831977757616,660.572803998113
55.94511412515702,-3.1881071576972673,SE,55.94490199312266,-3.1878950256629115,685.7831977757616,659.322803998113
55.94490199312266,-3.1878950256629115,S,55.94460199312266,-3.1878950256629115,685.7831977757616,658.072803998113
55.94460199312266,-3.1878950256629115,SSW,55.944324829262904,-3.188009830692621,685.7831977757616,656.822803998113
55.944324829262904,-3.188009830692621,NE,55.94453696129726,-3.1877976986582652,685.7831977757616,655.572803998113
55.94453696129726,-3.1877976986582652,W,55.94453696129726,-3.1880976986582654,685.7831977757616,654.322803998113
55.94453696129726,-3.1880976986582654,SSE,55.9442597974375,-3.187982893628556,685.7831977757616,653.072803998113
55.9442597974375,-3.187982893628556,SE,55.94404766540315,-3.1877707615942,685.7831977757616,651.822803998113
55.94404766540315,-3.1877707615942,NNW,55.944324829262904,-3.1878855666239097,685.7831977757616,650.572803998113
55.944324829262904,-3.1878855666239097,NNE,55.94460199312266,-3.1877707615942,685.7831977757616,649.322803998113
55.94460199312266,-3.1877707615942,NNE,55.94487915698242,-3.1876559565644906,685.7831977757616,648.072803998113
55.94487915698242,-3.1876559565644906,NNW,55.94515632084217,-3.1877707615942,685.7831977757616,646.822803998113
55.94515632084217,-3.1877707615942,W,55.94515632084217,-3.1880707615942003,685.7831977757616,645.572803998113
55.94515632084217,-3.1880707615942003,WSW,55.94504151581246,-3.1883479254539537,685.7831977757616,644.322803998113
55.94504151581246,-3.1883479254539537,SW,55.94482938377811,-3.1885600574883095,685.7831977757616,643.072803998113
55.94482938377811,-3.1885600574883095,ESE,55.944714578748396,-3.188282893628556,685.7831977757616,641.822803998113
55.944714578748396,-3.188282893628556,N,55.9450145787484,-3.188282893628556,685.7831977757616,640.572803998113
55.9450145787484,-3.188282893628556,ENE,55.94512938377811,-3.1880057297688027,685.7831977757616,639.322803998113
55.94512938377811,-3.1880057297688027,ENE,55.94524418880782,-3.1877285659090493,685.7831977757616,638.072803998113
55.94524418880782,-3.1877285659090493,N,55.94554418880782,-3.1877285659090493,685.7831977757616,636.822803998113
55.94554418880782,-3.1877285659090493,NE,55.94575632084218,-3.1875164338746935,685.7831977757616,635.572803998113
55.94575632084218,-3.1875164338746935,WNW,55.94587112587189,-3.187793597734447,685.7831977757616,634.322803998113
55.94587112587189,-3.187793597734447,ENE,55.9459859309016,-3.1875164338746935,685.7831977757616,633.072803998113
55.9459859309016,-3.1875164338746935,NW,55.946198062935956,-3.1877285659090493,685.7831977757616,631.822803998113
55.946198062935956,-3.1877285659090493,S,55.94589806293595,-3.1877285659090493,685.7831977757616,630.572803998113
55.94589806293595,-3.1877285659090493,NW,55.94611019497031,-3.187940697943405,685.7831977757616,629.322803998113
55.94611019497031,-3.187940697943405,ENE,55.94622500000002,-3.1876635340836517,685.7831977757616,628.072803998113
55.94622500000002,-3.1876635340836517,SE,55.94601286796566,-3.187451402049296,685.7831977757616,626.822803998113
55.94601286796566,-3.187451402049296,E,55.94601286796566,-3.1871514020492957,685.7831977757616,625.572803998113
55.94601286796566,-3.1871514020492957,S,55.94571286796566,-3.1871514020492957,685.7831977757616,624.322803998113
55.94571286796566,-3.1871514020492957,SSW,55.945435704105904,-3.187266207079005,685.7831977757616,623.072803998113
55.945435704105904,-3.187266207079005,ENE,55.945550509135614,-3.186989043219252,685.7831977757616,621.822803998113
55.945550509135614,-3.186989043219252,N,55.94585050913562,-3.186989043219252,685.7831977757616,620.572803998113
55.94585050913562,-3.186989043219252,ESE,55.94573570410591,-3.1867118793594984,685.7831977757616,619.322803998113
55.94573570410591,-3.1867118793594984,NE,55.94594783614026,-3.1864997473251426,755.9530601897878,619.6013823511989
55.94594783614026,-3.1864997473251426,SSW,55.94567067228051,-3.186614552354852,755.9530601897878,618.3513823511989
55.94567067228051,-3.186614552354852,NNE,55.94594783614026,-3.1864997473251426,755.9530601897878,617.1013823511989
55.94594783614026,-3.1864997473251426,E,55.94594783614026,-3.1861997473251424,755.9530601897878,615.8513823511989
55.94594783614026,-3.1861997473251424,SE,55.94573570410591,-3.1859876152907867,755.9530601897878,614.6013823511989
55.94573570410591,-3.1859876152907867,SSE,55.94545854024615,-3.185872810261077,811.5272131796095,667.0156998967421
55.94545854024615,-3.185872810261077,W,55.94545854024615,-3.1861728102610773,811.5272131796095,665.7656998967421
55.94545854024615,-3.1861728102610773,NW,55.94567067228051,-3.186384942295433,811.5272131796095,664.5156998967421
55.94567067228051,-3.186384942295433,ESE,55.945555867250796,-3.1861077784356797,811.5272131796095,663.2656998967421
55.945555867250796,-3.1861077784356797,E,55.945555867250796,-3.1858077784356795,811.5272131796095,662.0156998967421
55.945555867250796,-3.1858077784356795,WSW,55.945441062221086,-3.186084942295433,811.5272131796095,660.7656998967421
55.945441062221086,-3.186084942295433,NW,55.94565319425544,-3.1862970743297887,811.5272131796095,659.5156998967421
55.94565319425544,-3.1862970743297887,E,55.94565319425544,-3.1859970743297885,811.5272131796095,658.2656998967421
55.94565319425544,-3.1859970743297885,WSW,55.94553838922573,-3.186274238189542,811.5272131796095,657.0156998967421
55.94553838922573,-3.186274238189542,ENE,55.94565319425544,-3.1859970743297885,811.5272131796095,655.7656998967421
55.94565319425544,-3.1859970743297885,NNW,55.9459303581152,-3.186111879359498,811.5272131796095,654.5156998967421
55.9459303581152,-3.186111879359498,WNW,55.94604516314491,-3.1863890432192514,811.5272131796095,653.2656998967421
55.94604516314491,-3.1863890432192514,SW,55.94583303111055,-3.186601175253607,811.5272131796095,652.0156998967421
55.94583303111055,-3.186601175253607,NNE,55.94611019497031,-3.1864863702238977,811.5272131796095,650.7656998967421
55.94611019497031,-3.1864863702238977,SE,55.94589806293595,-3.186274238189542,811.5272131796095,649.5156998967421
55.94589806293595,-3.186274238189542,NNW,55.94617522679571,-3.1863890432192514,811.5272131796095,648.2656998967421
55.94617522679571,-3.1863890432192514,SSE,55.94589806293595,-3.186274238189542,811.5272131796095,647.0156998967421
