55.944425,-3.188396,NNW,55.94470216385976,-3.1885108050297095,0.0,248.75
55.94470216385976,-3.1885108050297095,NNE,55.944979327719516,-3.188396,25.52086040381181,275.49680392551267
55.944979327719516,-3.188396,SE,55.94476719568516,-3.1881838679656442,25.52086040381181,274.24680392551267
55.94476719568516,-3.1881838679656442,SW,55.9445550636508,-3.188396,25.52086040381181,272.99680392551267
55.9445550636508,-3.188396,W,55.9445550636508,-3.188696,25.52086040381181,271.74680392551267
55.9445550636508,-3.188696,WSW,55.94444025862109,-3.1889731638597536,25.52086040381181,270.49680392551267
55.94444025862109,-3.1889731638597536,SE,55.94422812658674,-3.188761031825398,25.52086040381181,269.24680392551267
55.94422812658674,-3.188761031825398,N,55.94452812658674,-3.188761031825398,25.52086040381181,267.99680392551267
55.94452812658674,-3.188761031825398,NNW,55.944805290446496,-3.1888758368551073,25.52086040381181,266.74680392551267
55.944805290446496,-3.1888758368551073,NE,55.94501742248085,-3.1886637048207516,25.52086040381181,265.49680392551267
55.94501742248085,-3.1886637048207516,N,55.945317422480855,-3.1886637048207516,39.170068963289864,318.2946865350939
55.945317422480855,-3.1886637048207516,SW,55.9451052904465,-3.1888758368551073,39.170068963289864,317.0446865350939
55.9451052904465,-3.1888758368551073,SE,55.94489315841214,-3.1886637048207516,39.170068963289864,315.7946865350939
55.94489315841214,-3.1886637048207516,ENE,55.94500796344185,-3.188386540960998,39.170068963289864,314.5446865350939
55.94500796344185,-3.188386540960998,SSW,55.944730799582096,-3.1885013459907077,39.170068963289864,313.2946865350939
55.944730799582096,-3.1885013459907077,SSW,55.94445363572234,-3.188616151020417,39.170068963289864,312.0446865350939
55.94445363572234,-3.188616151020417,ESE,55.94433883069263,-3.1883389871606638,39.170068963289864,310.7946865350939
55.94433883069263,-3.1883389871606638,SE,55.94412669865827,-3.188126855126308,39.170068963289864,309.5446865350939
55.94412669865827,-3.188126855126308,W,55.94412669865827,-3.188426855126308,39.170068963289864,308.2946865350939
55.94412669865827,-3.188426855126308,S,55.94382669865827,-3.188426855126308,39.170068963289864,307.0446865350939
55.94382669865827,-3.188426855126308,NW,55.94403883069263,-3.188638987160664,39.170068963289864,305.7946865350939
55.94403883069263,-3.188638987160664,SW,55.94382669865827,-3.1888511191950197,39.170068963289864,304.5446865350939
55.94382669865827,-3.1888511191950197,WSW,55.94371189362856,-3.189128283054773,39.170068963289864,303.2946865350939
55.94371189362856,-3.189128283054773,WNW,55.94382669865827,-3.1894054469145265,39.170068963289864,302.0446865350939
55.94382669865827,-3.1894054469145265,NE,55.94403883069263,-3.1891933148801708,39.170068963289864,300.7946865350939
55.94403883069263,-3.1891933148801708,ENE,55.94415363572234,-3.1889161510204174,39.170068963289864,299.5446865350939
55.94415363572234,-3.1889161510204174,W,55.94415363572234,-3.1892161510204176,39.170068963289864,298.2946865350939
55.94415363572234,-3.1892161510204176,ENE,55.94426844075205,-3.188938987160664,39.170068963289864,297.0446865350939
55.94426844075205,-3.188938987160664,SE,55.94405630871769,-3.1887268551263084,39.170068963289864,295.7946865350939
55.94405630871769,-3.1887268551263084,ESE,55.94394150368798,-3.188449691266555,39.170068963289864,294.5446865350939
55.94394150368798,-3.188449691266555,NE,55.94415363572234,-3.188237559232199,39.170068963289864,293.2946865350939
55.94415363572234,-3.188237559232199,SSW,55.94387647186258,-3.1883523642619087,39.170068963289864,292.0446865350939
55.94387647186258,-3.1883523642619087,S,55.94357647186258,-3.1883523642619087,39.170068963289864,290.7946865350939
55.94357647186258,-3.1883523642619087,N,55.94387647186258,-3.1883523642619087,39.170068963289864,289.5446865350939
55.94387647186258,-3.1883523642619087,E,55.94387647186258,-3.1880523642619085,39.170068963289864,288.2946865350939
55.94387647186258,-3.1880523642619085,SSE,55.943599308002824,-3.187937559232199,39.170068963289864,287.0446865350939
55.943599308002824,-3.187937559232199,NE,55.94381144003718,-3.1877254271978432,70.35873254203958,390.7996491191995
55.94381144003718,-3.1877254271978432,NE,55.944023572071536,-3.1875132951634875,85.85559543119838,410.9225593537445
55.944023572071536,-3.1875132951634875,SSE,55.94374640821178,-3.187398490133778,85.85559543119838,409.6725593537445
55.94374640821178,-3.187398490133778,SSW,55.94346924435202,-3.1875132951634875,85.85559543119838,408.4225593537445
55.94346924435202,-3.1875132951634875,S,55.94316924435202,-3.1875132951634875,108.66241099758935,449.53746487429015
55.94316924435202,-3.1875132951634875,SE,55.942957112317664,-3.1873011631291317,197.6497525047409,524.7617801903206
55.942957112317664,-3.1873011631291317,ESE,55.942842307287954,-3.1870239992693783,197.6497525047409,523.5117801903206
55.942842307287954,-3.1870239992693783,W,55.942842307287954,-3.1873239992693785,197.6497525047409,522.2617801903206
55.942842307287954,-3.1873239992693785,N,55.94314230728796,-3.1873239992693785,197.6497525047409,521.0117801903206
55.94314230728796,-3.1873239992693785,W,55.94314230728796,-3.1876239992693787,197.6497525047409,519.7617801903206
55.94314230728796,-3.1876239992693787,SSE,55.9428651434282,-3.187509194239669,197.6497525047409,518.5117801903206
55.9428651434282,-3.187509194239669,NE,55.94307727546256,-3.1872970622053134,197.6497525047409,517.2617801903206
55.94307727546256,-3.1872970622053134,N,55.94337727546256,-3.1872970622053134,197.6497525047409,516.0117801903206
55.94337727546256,-3.1872970622053134,S,55.94307727546256,-3.1872970622053134,197.6497525047409,514.7617801903206
55.94307727546256,-3.1872970622053134,NNW,55.94335443932231,-3.187411867235023,197.6497525047409,513.5117801903206
55.94335443932231,-3.187411867235023,SE,55.94314230728796,-3.187199735200667,197.6497525047409,512.2617801903206
55.94314230728796,-3.187199735200667,N,55.94344230728796,-3.187199735200667,197.6497525047409,511.01178019032056
55.94344230728796,-3.187199735200667,S,55.94314230728796,-3.187199735200667,197.6497525047409,509.76178019032056
55.94314230728796,-3.187199735200667,WNW,55.94325711231767,-3.1874768990604205,197.6497525047409,508.51178019032056
55.94325711231767,-3.1874768990604205,W,55.94325711231767,-3.1877768990604207,197.6497525047409,507.26178019032056
55.94325711231767,-3.1877768990604207,SE,55.94304498028331,-3.187564767026065,197.6497525047409,506.01178019032056
55.94304498028331,-3.187564767026065,ENE,55.94315978531302,-3.1872876031663115,197.6497525047409,504.76178019032056
55.94315978531302,-3.1872876031663115,NW,55.94337191734738,-3.1874997352006673,197.6497525047409,503.51178019032056
55.94337191734738,-3.1874997352006673,E,55.94337191734738,-3.187199735200667,197.6497525047409,502.26178019032056
55.94337191734738,-3.187199735200667,NE,55.943584049381734,-3.1869876031663114,197.6497525047409,501.01178019032056
55.943584049381734,-3.1869876031663114,E,55.943584049381734,-3.186687603166311,197.6497525047409,499.76178019032056
55.943584049381734,-3.186687603166311,E,55.943584049381734,-3.186387603166311,251.6890824238764,526.1121569385224
55.943584049381734,-3.186387603166311,SSE,55.94330688552198,-3.1862727981366015,294.5169837291096,547.07062047024
55.94330688552198,-3.1862727981366015,SE,55.94309475348762,-3.1860606661022457,294.5169837291096,545.82062047024
55.94309475348762,-3.1860606661022457,ESE,55.94297994845791,-3.1857835022424923,406.3153931174774,579.038940146969
55.94297994845791,-3.1857835022424923,SE,55.942767816423554,-3.1855713702081365,406.3153931174774,577.788940146969
55.942767816423554,-3.1855713702081365,NNE,55.94304498028331,-3.185456565178427,406.3153931174774,576.538940146969
55.94304498028331,-3.185456565178427,S,55.94274498028331,-3.185456565178427,406.3153931174774,575.288940146969
55.94274498028331,-3.185456565178427,NE,55.942957112317664,-3.1852444331440712,406.3153931174774,574.038940146969
55.942957112317664,-3.1852444331440712,E,55.942957112317664,-3.184944433144071,406.3153931174774,572.788940146969
55.942957112317664,-3.184944433144071,W,55.942957112317664,-3.1852444331440712,406.3153931174774,571.538940146969
55.942957112317664,-3.1852444331440712,E,55.942957112317664,-3.184944433144071,406.3153931174774,570.288940146969
55.942957112317664,-3.184944433144071,ESE,55.942842307287954,-3.1846672692843176,406.3153931174774,569.038940146969
55.942842307287954,-3.1846672692843176,NNE,55.94311947114771,-3.184552464254608,517.4533818088125,685.7359192330863
55.94311947114771,-3.184552464254608,WNW,55.94323427617742,-3.1848296281143615,517.4533818088125,684.4859192330863
55.94323427617742,-3.1848296281143615,E,55.94323427617742,-3.1845296281143614,517.4533818088125,683.2359192330863
55.94323427617742,-3.1845296281143614,SSW,55.942957112317664,-3.184644433144071,517.4533818088125,681.9859192330863
55.942957112317664,-3.184644433144071,NNE,55.94323427617742,-3.1845296281143614,517.4533818088125,680.7359192330863
55.94323427617742,-3.1845296281143614,NNW,55.94351144003718,-3.184644433144071,517.4533818088125,679.4859192330863
55.94351144003718,-3.184644433144071,NNW,55.943788603896934,-3.1847592381737804,517.4533818088125,678.2359192330863
55.943788603896934,-3.1847592381737804,W,55.943788603896934,-3.1850592381737806,536.9617925010587,751.6929208822132
55.943788603896934,-3.1850592381737806,SW,55.94357647186258,-3.1852713702081363,536.9617925010587,750.4429208822132
55.94357647186258,-3.1852713702081363,NNW,55.943853635722334,-3.185386175237846,536.9617925010587,749.1929208822132
55.943853635722334,-3.185386175237846,NNW,55.94413079958209,-3.1855009802675553,536.9617925010587,747.9429208822132
55.94413079958209,-3.1855009802675553,E,55.94413079958209,-3.185200980267555,536.9617925010587,746.6929208822132
55.94413079958209,-3.185200980267555,W,55.94413079958209,-3.1855009802675553,536.9617925010587,745.4429208822132
55.94413079958209,-3.1855009802675553,NNW,55.94440796344185,-3.185615785297265,536.9617925010587,744.1929208822132
55.94440796344185,-3.185615785297265,S,55.944107963441844,-3.185615785297265,536.9617925010587,742.9429208822132
55.944107963441844,-3.185615785297265,SSW,55.94383079958209,-3.1857305903269744,536.9617925010587,741.6929208822132
55.94383079958209,-3.1857305903269744,WSW,55.94371599455238,-3.1860077541867278,536.9617925010587,740.4429208822132
55.94371599455238,-3.1860077541867278,SE,55.94350386251802,-3.185795622152372,536.9617925010587,739.1929208822132
55.94350386251802,-3.185795622152372,E,55.94350386251802,-3.185495622152372,536.9617925010587,737.9429208822132
55.94350386251802,-3.185495622152372,NNE,55.94378102637778,-3.1853808171226623,536.9617925010587,736.6929208822132
55.94378102637778,-3.1853808171226623,ESE,55.94366622134807,-3.185103653262909,536.9617925010587,735.4429208822132
55.94366622134807,-3.185103653262909,ENE,55.94378102637778,-3.1848264894031555,536.9617925010587,734.1929208822132
55.94378102637778,-3.1848264894031555,SSE,55.94350386251802,-3.184711684373446,536.9617925010587,732.9429208822132
55.94350386251802,-3.184711684373446,E,55.94350386251802,-3.184411684373446,536.9617925010587,731.6929208822132
55.94350386251802,-3.184411684373446,WSW,55.94338905748831,-3.184688848233199,536.9617925010587,730.4429208822132
55.94338905748831,-3.184688848233199,SE,55.943176925453955,-3.1844767161988434,536.9617925010587,729.1929208822132
55.943176925453955,-3.1844767161988434,SSW,55.9428997615942,-3.184591521228553,536.9617925010587,727.9429208822132
55.9428997615942,-3.184591521228553,NNW,55.943176925453955,-3.1847063262582624,536.9617925010587,726.6929208822132
55.943176925453955,-3.1847063262582624,NNW,55.94345408931371,-3.184821131287972,536.9617925010587,725.4429208822132
55.94345408931371,-3.184821131287972,SE,55.943241957279355,-3.184608999253616,536.9617925010587,724.1929208822132
55.943241957279355,-3.184608999253616,SSW,55.9429647934196,-3.1847238042833257,536.9617925010587,722.9429208822132
55.9429647934196,-3.1847238042833257,WSW,55.94284998838989,-3.185000968143079,536.9617925010587,721.6929208822132
55.94284998838989,-3.185000968143079,E,55.94284998838989,-3.184700968143079,536.9617925010587,720.4429208822132
55.94284998838989,-3.184700968143079,WSW,55.94273518336018,-3.1849781320028323,536.9617925010587,719.1929208822132
55.94273518336018,-3.1849781320028323,NW,55.942947315394534,-3.185190264037188,536.9617925010587,717.9429208822132
55.942947315394534,-3.185190264037188,SW,55.94273518336018,-3.185402396071544,536.9617925010587,716.6929208822132
55.94273518336018,-3.185402396071544,E,55.94273518336018,-3.1851023960715437,536.9617925010587,715.4429208822132
55.94273518336018,-3.1851023960715437,WNW,55.94284998838989,-3.185379559931297,536.9617925010587,714.1929208822132
55.94284998838989,-3.185379559931297,E,55.94284998838989,-3.185079559931297,536.9617925010587,712.9429208822132
55.94284998838989,-3.185079559931297,ESE,55.94273518336018,-3.1848023960715435,536.9617925010587,711.6929208822132
55.94273518336018,-3.1848023960715435,ENE,55.94284998838989,-3.18452523221179,536.9617925010587,710.4429208822132
55.94284998838989,-3.18452523221179,WNW,55.9429647934196,-3.1848023960715435,536.9617925010587,709.1929208822132
55.9429647934196,-3.1848023960715435,SSE,55.94268762955984,-3.184687591041834,536.9617925010587,707.9429208822132
55.94268762955984,-3.184687591041834,W,55.94268762955984,-3.184987591041834,536.9617925010587,706.6929208822132
55.94268762955984,-3.184987591041834,NW,55.9428997615942,-3.18519972307619,536.9617925010587,705.4429208822132
55.9428997615942,-3.18519972307619,NW,55.943111893628554,-3.1854118551105457,536.9617925010587,704.1929208822132
55.943111893628554,-3.1854118551105457,NW,55.94332402566291,-3.1856239871449015,536.9617925010587,702.9429208822132
55.94332402566291,-3.1856239871449015,SSW,55.943046861803154,-3.185738792174611,536.9617925010587,701.6929208822132
55.943046861803154,-3.185738792174611,SSE,55.9427696979434,-3.1856239871449015,536.9617925010587,700.4429208822132
55.9427696979434,-3.1856239871449015,E,55.9427696979434,-3.1853239871449013,536.9617925010587,699.1929208822132
55.9427696979434,-3.1853239871449013,N,55.9430696979434,-3.1853239871449013,536.9617925010587,697.9429208822132
55.9430696979434,-3.1853239871449013,ESE,55.94295489291369,-3.185046823285148,536.9617925010587,696.6929208822132
55.94295489291369,-3.185046823285148,SSE,55.94267772905393,-3.1849320182554384,536.9617925010587,695.4429208822132
55.94267772905393,-3.1849320182554384,E,55.94267772905393,-3.184632018255438,536.9617925010587,694.1929208822132
55.94267772905393,-3.184632018255438,NE,55.94288986108829,-3.1844198862210824,536.9617925010587,692.9429208822132
55.94288986108829,-3.1844198862210824,W,55.94288986108829,-3.1847198862210826,536.9617925010587,691.6929208822132
55.94288986108829,-3.1847198862210826,NNW,55.943167024948046,-3.184834691250792,536.9617925010587,690.4429208822132
55.943167024948046,-3.184834691250792,S,55.94286702494804,-3.184834691250792,536.9617925010587,689.1929208822132
55.94286702494804,-3.184834691250792,ESE,55.94275221991833,-3.1845575273910387,536.9617925010587,687.9429208822132
55.94275221991833,-3.1845575273910387,W,55.94275221991833,-3.184857527391039,536.9617925010587,686.6929208822132
55.94275221991833,-3.184857527391039,NE,55.94296435195269,-3.184645395356683,536.9617925010587,685.4429208822132
55.94296435195269,-3.184645395356683,NW,55.943176483987045,-3.184857527391039,536.9617925010587,684.1929208822132
55.943176483987045,-3.184857527391039,SW,55.94296435195269,-3.1850696594253947,536.9617925010587,682.9429208822132
55.94296435195269,-3.1850696594253947,S,55.942664351952686,-3.1850696594253947,536.9617925010587,681.6929208822132
55.942664351952686,-3.1850696594253947,E,55.942664351952686,-3.1847696594253945,536.9617925010587,680.4429208822132
55.942664351952686,-3.1847696594253945,WNW,55.9427791569824,-3.185046823285148,536.9617925010587,679.1929208822132
55.9427791569824,-3.185046823285148,NW,55.94299128901675,-3.1852589553195036,536.9617925010587,677.9429208822132
55.94299128901675,-3.1852589553195036,NW,55.94320342105111,-3.1854710873538594,536.9617925010587,676.6929208822132
55.94320342105111,-3.1854710873538594,N,55.94350342105111,-3.1854710873538594,536.9617925010587,675.4429208822132
55.94350342105111,-3.1854710873538594,N,55.943803421051115,-3.1854710873538594,536.9617925010587,674.1929208822132
55.943803421051115,-3.1854710873538594,WNW,55.943918226080825,-3.185748251213613,536.9617925010587,672.9429208822132
55.943918226080825,-3.185748251213613,WSW,55.943803421051115,-3.1860254150733662,536.9617925010587,671.6929208822132
55.943803421051115,-3.1860254150733662,WNW,55.943918226080825,-3.1863025789331196,536.9617925010587,670.4429208822132
55.943918226080825,-3.1863025789331196,N,55.94421822608083,-3.1863025789331196,633.723794512212,702.8153844607181
55.94421822608083,-3.1863025789331196,WSW,55.94410342105112,-3.186579742792873,633.723794512212,701.5653844607181
55.94410342105112,-3.186579742792873,SW,55.94389128901676,-3.186791874827229,633.723794512212,700.3153844607181
55.94389128901676,-3.186791874827229,NW,55.94410342105112,-3.1870040068615846,633.723794512212,699.0653844607181
55.94410342105112,-3.1870040068615846,NW,55.944315553085474,-3.1872161388959404,633.723794512212,697.8153844607181
55.944315553085474,-3.1872161388959404,N,55.94461555308548,-3.1872161388959404,753.0885533820916,783.309286295313
55.94461555308548,-3.1872161388959404,WSW,55.944500748055766,-3.1874933027556938,753.0885533820916,782.059286295313
55.944500748055766,-3.1874933027556938,SE,55.94428861602141,-3.187281170721338,753.0885533820916,780.809286295313
55.94428861602141,-3.187281170721338,NW,55.944500748055766,-3.1874933027556938,753.0885533820916,779.559286295313
55.944500748055766,-3.1874933027556938,N,55.94480074805577,-3.1874933027556938,753.0885533820916,778.309286295313
55.94480074805577,-3.1874933027556938,WSW,55.94468594302606,-3.187770466615447,753.0885533820916,777.059286295313
55.94468594302606,-3.187770466615447,ENE,55.94480074805577,-3.1874933027556938,753.0885533820916,775.809286295313
55.94480074805577,-3.1874933027556938,E,55.94480074805577,-3.1871933027556936,753.0885533820916,774.559286295313
55.94480074805577,-3.1871933027556936,WNW,55.94491555308548,-3.187470466615447,753.0885533820916,773.309286295313
55.94491555308548,-3.187470466615447,ENE,55.94503035811519,-3.1871933027556936,753.0885533820916,772.059286295313
55.94503035811519,-3.1871933027556936,N,55.94533035811519,-3.1871933027556936,758.6821560215097,810.9712697920074
55.94533035811519,-3.1871933027556936,S,55.94503035811519,-3.1871933027556936,758.6821560215097,809.7212697920074
55.94503035811519,-3.1871933027556936,SW,55.944818226080834,-3.1874054347900493,758.6821560215097,808.4712697920074
55.944818226080834,-3.1874054347900493,NE,55.94503035811519,-3.1871933027556936,758.6821560215097,807.2212697920074
55.94503035811519,-3.1871933027556936,NNW,55.94530752197495,-3.187308107785403,758.6821560215097,805.9712697920074
55.94530752197495,-3.187308107785403,NNE,55.9455846858347,-3.1871933027556936,758.6821560215097,804.7212697920074
55.9455846858347,-3.1871933027556936,NNW,55.94586184969446,-3.187308107785403,758.6821560215097,803.4712697920074
55.94586184969446,-3.187308107785403,SSE,55.9455846858347,-3.1871933027556936,758.6821560215097,802.2212697920074
55.9455846858347,-3.1871933027556936,W,55.9455846858347,-3.1874933027556938,758.6821560215097,800.9712697920074
55.9455846858347,-3.1874933027556938,SW,55.94537255380035,-3.1877054347900495,758.6821560215097,799.7212697920074
55.94537255380035,-3.1877054347900495,NW,55.9455846858347,-3.1879175668244053,819.8190201317984,828.2917364621198
55.9455846858347,-3.1879175668244053,SE,55.94537255380035,-3.1877054347900495,819.8190201317984,827.0417364621198
55.94537255380035,-3.1877054347900495,NW,55.9455846858347,-3.1879175668244053,819.8190201317984,825.7917364621198
55.9455846858347,-3.1879175668244053,WNW,55.94569949086441,-3.1881947306841587,819.8190201317984,824.5417364621198
55.94569949086441,-3.1881947306841587,N,55.945999490864416,-3.1881947306841587,872.6392384465905,876.5582215673146
55.945999490864416,-3.1881947306841587,NE,55.94621162289877,-3.187982598649803,872.6392384465905,875.3082215673146
55.94621162289877,-3.187982598649803,E,55.94621162289877,-3.1876825986498027,872.6392384465905,874.0582215673146
55.94621162289877,-3.1876825986498027,WSW,55.94609681786906,-3.187959762509556,872.6392384465905,872.8082215673146
55.94609681786906,-3.187959762509556,WSW,55.94598201283935,-3.1882369263693096,872.6392384465905,871.5582215673146
55.94598201283935,-3.1882369263693096,SE,55.945769880804995,-3.188024794334954,872.6392384465905,870.3082215673146
55.945769880804995,-3.188024794334954,W,55.945769880804995,-3.188324794334954,872.6392384465905,869.0582215673146
55.945769880804995,-3.188324794334954,SSE,55.94549271694524,-3.1882099893052445,872.6392384465905,867.8082215673146
55.94549271694524,-3.1882099893052445,NNW,55.945769880804995,-3.188324794334954,872.6392384465905,866.5582215673146
55.945769880804995,-3.188324794334954,NNE,55.94604704466475,-3.1882099893052445,872.6392384465905,865.3082215673146
55.94604704466475,-3.1882099893052445,W,55.94604704466475,-3.1885099893052447,872.6392384465905,864.0582215673146
55.94604704466475,-3.1885099893052447,WSW,55.94593223963504,-3.188787153164998,872.6392384465905,862.8082215673146
55.94593223963504,-3.188787153164998,NW,55.9461443716694,-3.188999285199354,872.6392384465905,861.5582215673146
55.9461443716694,-3.188999285199354,WSW,55.94602956663969,-3.1892764490591072,872.6392384465905,860.3082215673146
55.94602956663969,-3.1892764490591072,SW,55.94581743460533,-3.189488581093463,872.6392384465905,859.0582215673146
55.94581743460533,-3.189488581093463,ESE,55.94570262957562,-3.1892114172337096,872.6392384465905,857.8082215673146
55.94570262957562,-3.1892114172337096,N,55.946002629575624,-3.1892114172337096,872.6392384465905,856.5582215673146
55.946002629575624,-3.1892114172337096,ENE,55.946117434605334,-3.188934253373956,872.6392384465905,855.3082215673146
55.946117434605334,-3.188934253373956,ENE,55.946232239635044,-3.188657089514203,872.6392384465905,854.0582215673146
55.946232239635044,-3.188657089514203,S,55.94593223963504,-3.188657089514203,872.6392384465905,852.8082215673146
55.94593223963504,-3.188657089514203,NW,55.9461443716694,-3.1888692215485586,872.6392384465905,851.5582215673146
55.9461443716694,-3.1888692215485586,SE,55.94593223963504,-3.188657089514203,872.6392384465905,850.3082215673146
55.94593223963504,-3.188657089514203,E,55.94593223963504,-3.1883570895142026,872.6392384465905,849.0582215673146
55.94593223963504,-3.1883570895142026,S,55.94563223963504,-3.1883570895142026,872.6392384465905,847.8082215673146
55.94563223963504,-3.1883570895142026,ENE,55.94574704466475,-3.188079925654449,872.6392384465905,846.5582215673146
55.94574704466475,-3.188079925654449,N,55.94604704466475,-3.188079925654449,872.6392384465905,845.3082215673146
55.94604704466475,-3.188079925654449,SSW,55.945769880804995,-3.1881947306841587,872.6392384465905,844.0582215673146
55.945769880804995,-3.1881947306841587,NNE,55.94604704466475,-3.188079925654449,872.6392384465905,842.8082215673146
55.94604704466475,-3.188079925654449,E,55.94604704466475,-3.187779925654449,872.6392384465905,841.5582215673146
55.94604704466475,-3.187779925654449,W,55.94604704466475,-3.188079925654449,872.6392384465905,840.3082215673146
55.94604704466475,-3.188079925654449,E,55.94604704466475,-3.187779925654449,872.6392384465905,839.0582215673146
55.94604704466475,-3.187779925654449,WSW,55.94593223963504,-3.1880570895142024,872.6392384465905,837.8082215673146
55.94593223963504,-3.1880570895142024,NW,55.9461443716694,-3.188269221548558,872.6392384465905,836.5582215673146
55.9461443716694,-3.188269221548558,E,55.9461443716694,-3.187969221548558,872.6392384465905,835.3082215673146
55.9461443716694,-3.187969221548558,WSW,55.94602956663969,-3.1882463854083114,872.6392384465905,834.0582215673146
55.94602956663969,-3.1882463854083114,SW,55.94581743460533,-3.188458517442667,872.6392384465905,832.8082215673146
55.94581743460533,-3.188458517442667,ENE,55.94593223963504,-3.1881813535829138,872.6392384465905,831.5582215673146
55.94593223963504,-3.1881813535829138,NNW,55.9462094034948,-3.1882961586126233,872.6392384465905,830.3082215673146
55.9462094034948,-3.1882961586126233,SW,55.94599727146044,-3.188508290646979,872.6392384465905,829.0582215673146
55.94599727146044,-3.188508290646979,SE,55.945785139426086,-3.1882961586126233,872.6392384465905,827.8082215673146
55.945785139426086,-3.1882961586126233,NNW,55.94606230328584,-3.188410963642333,872.6392384465905,826.5582215673146
55.94606230328584,-3.188410963642333,SSE,55.945785139426086,-3.1882961586126233,872.6392384465905,825.3082215673146
55.945785139426086,-3.1882961586126233,S,55.94548513942608,-3.1882961586126233,872.6392384465905,824.0582215673146
55.94548513942608,-3.1882961586126233,NNW,55.94576230328584,-3.188410963642333,872.6392384465905,822.8082215673146
55.94576230328584,-3.188410963642333,ENE,55.94587710831555,-3.1881337997825794,872.6392384465905,821.5582215673146
55.94587710831555,-3.1881337997825794,SSW,55.94559994445579,-3.188248604812289,872.6392384465905,820.3082215673146
55.94559994445579,-3.188248604812289,S,55.94529994445579,-3.188248604812289,872.6392384465905,819.0582215673146
55.94529994445579,-3.188248604812289,SW,55.945087812421434,-3.1884607368466447,872.6392384465905,817.8082215673146
55.945087812421434,-3.1884607368466447,SW,55.94487568038708,-3.1886728688810004,872.6392384465905,816.5582215673146
55.94487568038708,-3.1886728688810004,SE,55.94466354835272,-3.1884607368466447,872.6392384465905,815.3082215673146
55.94466354835272,-3.1884607368466447,NNW,55.94494071221248,-3.188575541876354,872.6392384465905,814.0582215673146
55.94494071221248,-3.188575541876354,SSW,55.94466354835272,-3.1886903469060637,872.6392384465905,812.8082215673146
55.94466354835272,-3.1886903469060637,NW,55.94487568038708,-3.1889024789404194,872.6392384465905,811.5582215673146
55.94487568038708,-3.1889024789404194,NNW,55.945152844246834,-3.189017283970129,872.6392384465905,810.3082215673146
55.945152844246834,-3.189017283970129,SSE,55.94487568038708,-3.1889024789404194,872.6392384465905,809.0582215673146
55.94487568038708,-3.1889024789404194,N,55.94517568038708,-3.1889024789404194,872.6392384465905,807.8082215673146
55.94517568038708,-3.1889024789404194,W,55.94517568038708,-3.1892024789404196,872.6392384465905,806.5582215673146
55.94517568038708,-3.1892024789404196,S,55.94487568038708,-3.1892024789404196,872.6392384465905,805.3082215673146
55.94487568038708,-3.1892024789404196,ESE,55.94476087535737,-3.1889253150806662,872.6392384465905,804.0582215673146
55.94476087535737,-3.1889253150806662,E,55.94476087535737,-3.188625315080666,872.6392384465905,802.8082215673146
55.94476087535737,-3.188625315080666,S,55.944460875357365,-3.188625315080666,872.6392384465905,801.5582215673146
55.944460875357365,-3.188625315080666,SSE,55.94418371149761,-3.1885105100509565,872.6392384465905,800.3082215673146
55.94418371149761,-3.1885105100509565,S,55.943883711497605,-3.1885105100509565,872.6392384465905,799.0582215673146
55.943883711497605,-3.1885105100509565,NE,55.94409584353196,-3.1882983780166008,872.6392384465905,797.8082215673146
55.94409584353196,-3.1882983780166008,SSW,55.943818679672205,-3.1884131830463103,872.6392384465905,796.5582215673146
55.943818679672205,-3.1884131830463103,SSE,55.94354151581245,-3.1882983780166008,872.6392384465905,795.3082215673146
55.94354151581245,-3.1882983780166008,ENE,55.94365632084216,-3.1880212141568474,872.6392384465905,794.0582215673146
55.94365632084216,-3.1880212141568474,SW,55.9434441888078,-3.188233346191203,872.6392384465905,792.8082215673146
55.9434441888078,-3.188233346191203,WSW,55.94332938377809,-3.1885105100509565,872.6392384465905,791.5582215673146
55.94332938377809,-3.1885105100509565,ENE,55.9434441888078,-3.188233346191203,872.6392384465905,790.3082215673146
55.9434441888078,-3.188233346191203,S,55.9431441888078,-3.188233346191203,872.6392384465905,789.0582215673146
55.9431441888078,-3.188233346191203,NNW,55.943421352667556,-3.1883481512209126,872.6392384465905,787.8082215673146
55.943421352667556,-3.1883481512209126,SE,55.9432092206332,-3.188136019186557,872.6392384465905,786.5582215673146
55.9432092206332,-3.188136019186557,WSW,55.94309441560349,-3.1884131830463103,872.6392384465905,785.3082215673146
