55.944425,-3.188396,N,55.944725000000005,-3.188396,68.65530261674546,332.6757758792565
55.944725000000005,-3.188396,NW,55.94493713203436,-3.188608132034356,68.65530261674546,331.4257758792565
55.94493713203436,-3.188608132034356,WNW,55.94505193706407,-3.188885295894109,150.82163145528978,373.11094020944665
55.94505193706407,-3.188885295894109,SSE,55.944774773204315,-3.1887704908643997,150.82163145528978,371.86094020944665
55.944774773204315,-3.1887704908643997,SSE,55.94449760934456,-3.18865568583469,150.82163145528978,370.61094020944665
55.94449760934456,-3.18865568583469,SSE,55.9442204454848,-3.1885408808049807,150.82163145528978,369.36094020944665
55.9442204454848,-3.1885408808049807,SE,55.944008313450446,-3.188328748770625,150.82163145528978,368.11094020944665
55.944008313450446,-3.188328748770625,ESE,55.943893508420736,-3.1880515849108715,257.3121568746549,401.81967966044095
55.943893508420736,-3.1880515849108715,SE,55.94368137638638,-3.1878394528765157,257.3121568746549,400.56967966044095
55.94368137638638,-3.1878394528765157,E,55.94368137638638,-3.1875394528765155,334.99157628291704,420.3504877010357
55.94368137638638,-3.1875394528765155,ESE,55.94356657135667,-3.187262289016762,391.79167974745206,469.97686793161387
55.94356657135667,-3.187262289016762,E,55.94356657135667,-3.186962289016762,481.8166333151913,551.3449403388101
55.94356657135667,-3.186962289016762,NNE,55.943843735216426,-3.1868474839870524,684.2190438755055,647.0199737472346
55.943843735216426,-3.1868474839870524,N,55.94414373521643,-3.1868474839870524,803.2060616945353,682.4081338623633
55.94414373521643,-3.1868474839870524,SE,55.94393160318207,-3.1866353519526966,803.2060616945353,681.1581338623633
55.94393160318207,-3.1866353519526966,SE,55.943719471147716,-3.186423219918341,803.2060616945353,679.9081338623633
55.943719471147716,-3.186423219918341,E,55.943719471147716,-3.1861232199183407,920.4412473533899,792.8022667860606
55.943719471147716,-3.1861232199183407,ENE,55.94383427617743,-3.1858460560585873,956.1602628561775,845.8476005118594
55.94383427617743,-3.1858460560585873,N,55.94413427617743,-3.1858460560585873,956.1602628561775,844.5976005118594
55.94413427617743,-3.1858460560585873,N,55.94443427617743,-3.1858460560585873,966.2243890271272,925.8139184752138
55.94443427617743,-3.1858460560585873,NNE,55.94471144003719,-3.1857312510288778,966.2243890271272,924.5639184752138
55.94471144003719,-3.1857312510288778,N,55.94501144003719,-3.1857312510288778,1049.5258095338752,1044.4426515380717
55.94501144003719,-3.1857312510288778,N,55.945311440037194,-3.1857312510288778,1049.5258095338752,1043.1926515380717
55.945311440037194,-3.1857312510288778,N,55.9456114400372,-3.1857312510288778,1105.3128770679039,1114.0201233871144
55.9456114400372,-3.1857312510288778,N,55.9459114400372,-3.1857312510288778,1149.4471727665336,1191.2845935982086
55.9459114400372,-3.1857312510288778,WSW,55.94579663500749,-3.186008414888631,1149.4471727665336,1190.0345935982086
55.94579663500749,-3.186008414888631,SSW,55.94551947114773,-3.1861232199183407,1149.4471727665336,1188.7845935982086
55.94551947114773,-3.1861232199183407,WSW,55.94540466611802,-3.186400383778094,1149.4471727665336,1187.5345935982086
55.94540466611802,-3.186400383778094,WNW,55.94551947114773,-3.1866775476378475,1314.1049098471844,1347.3351431896072
55.94551947114773,-3.1866775476378475,N,55.945819471147736,-3.1866775476378475,1430.7655639956076,1377.396588282258
55.945819471147736,-3.1866775476378475,ENE,55.94593427617745,-3.186400383778094,1430.7655639956076,1376.146588282258
55.94593427617745,-3.186400383778094,ESE,55.945819471147736,-3.1861232199183407,1430.7655639956076,1374.896588282258
55.945819471147736,-3.1861232199183407,SE,55.94560733911338,-3.185911087883985,1430.7655639956076,1373.646588282258
55.94560733911338,-3.185911087883985,SE,55.945395207079024,-3.185698955849629,1430.7655639956076,1372.396588282258
55.945395207079024,-3.185698955849629,SE,55.94518307504467,-3.1854868238152734,1430.7655639956076,1371.146588282258
55.94518307504467,-3.1854868238152734,ESE,55.94506827001496,-3.18520965995552,1430.7655639956076,1369.896588282258
55.94506827001496,-3.18520965995552,ESE,55.94495346498525,-3.1849324960957666,1468.887423367883,1407.1639999905497
55.94495346498525,-3.1849324960957666,E,55.94495346498525,-3.1846324960957664,1493.8360352672946,1450.469877121347
55.94495346498525,-3.1846324960957664,SW,55.94474133295089,-3.184844628130122,1493.8360352672946,1449.219877121347
55.94474133295089,-3.184844628130122,SW,55.944529200916534,-3.185056760164478,1493.8360352672946,1447.969877121347
55.944529200916534,-3.185056760164478,SW,55.94431706888218,-3.1852688921988337,1493.8360352672946,1446.719877121347
55.94431706888218,-3.1852688921988337,SW,55.94410493684782,-3.1854810242331895,1493.8360352672946,1445.469877121347
55.94410493684782,-3.1854810242331895,SW,55.943892804813466,-3.1856931562675452,1493.8360352672946,1444.219877121347
55.943892804813466,-3.1856931562675452,SW,55.94368067277911,-3.185905288301901,1493.8360352672946,1442.969877121347
55.94368067277911,-3.185905288301901,SW,55.94346854074475,-3.186117420336257,1493.8360352672946,1441.719877121347
55.94346854074475,-3.186117420336257,SW,55.9432564087104,-3.1863295523706126,1493.8360352672946,1440.469877121347
55.9432564087104,-3.1863295523706126,SW,55.94304427667604,-3.1865416844049683,1493.8360352672946,1439.219877121347
55.94304427667604,-3.1865416844049683,SW,55.942832144641685,-3.186753816439324,1493.8360352672946,1437.969877121347
55.942832144641685,-3.186753816439324,SW,55.94262001260733,-3.18696594847368,1517.8252871464192,1667.0546970420687
55.94262001260733,-3.18696594847368,W,55.94262001260733,-3.18726594847368,1517.8252871464192,1665.8046970420687
55.94262001260733,-3.18726594847368,W,55.94262001260733,-3.1875659484736802,1517.8252871464192,1664.5546970420687
55.94262001260733,-3.1875659484736802,W,55.94262001260733,-3.1878659484736804,1517.8252871464192,1663.3046970420687
55.94262001260733,-3.1878659484736804,W,55.94262001260733,-3.1881659484736806,1517.8252871464192,1662.0546970420687
55.94262001260733,-3.1881659484736806,WNW,55.94273481763704,-3.188443112333434,1517.8252871464192,1660.8046970420687
55.94273481763704,-3.188443112333434,W,55.94273481763704,-3.188743112333434,1517.8252871464192,1659.5546970420687
55.94273481763704,-3.188743112333434,W,55.94273481763704,-3.1890431123334344,1525.2433906343035,1780.2761667851687
55.94273481763704,-3.1890431123334344,WNW,55.94284962266675,-3.189320276193188,1525.2433906343035,1779.0261667851687
55.94284962266675,-3.189320276193188,W,55.94284962266675,-3.189620276193188,1525.2433906343035,1777.7761667851687
55.94284962266675,-3.189620276193188,NW,55.943061754701105,-3.1898324082275438,1525.2433906343035,1776.5261667851687
55.943061754701105,-3.1898324082275438,WNW,55.943176559730816,-3.190109572087297,1525.2433906343035,1775.2761667851687
55.943176559730816,-3.190109572087297,WNW,55.943291364760526,-3.1903867359470506,1563.6221648163391,1792.4179826653278
55.943291364760526,-3.1903867359470506,WNW,55.94340616979024,-3.190663899806804,1563.6221648163391,1791.1679826653278
55.94340616979024,-3.190663899806804,WNW,55.94352097481995,-3.1909410636665574,1563.6221648163391,1789.9179826653278
55.94352097481995,-3.1909410636665574,W,55.94352097481995,-3.1912410636665576,1563.6221648163391,1788.6679826653278
55.94352097481995,-3.1912410636665576,WNW,55.94363577984966,-3.191518227526311,1563.6221648163391,1787.4179826653278
55.94363577984966,-3.191518227526311,W,55.94363577984966,-3.191818227526311,1563.6221648163391,1786.1679826653278
55.94363577984966,-3.191818227526311,WSW,55.94352097481995,-3.1920953913860646,1614.1752074457359,1871.8368160358943
55.94352097481995,-3.1920953913860646,WNW,55.94363577984966,-3.192372555245818,1711.4859308774,1991.09319766027
55.94363577984966,-3.192372555245818,NNE,55.943912943709414,-3.1922577502161085,1711.4859308774,1989.84319766027
55.943912943709414,-3.1922577502161085,NNE,55.94419010756917,-3.192142945186399,1711.4859308774,1988.59319766027
55.94419010756917,-3.192142945186399,NNE,55.94446727142893,-3.1920281401566895,1711.4859308774,1987.34319766027
55.94446727142893,-3.1920281401566895,NE,55.94467940346328,-3.1918160081223337,1711.4859308774,1986.09319766027
55.94467940346328,-3.1918160081223337,N,55.944979403463286,-3.1918160081223337,1731.555778209929,2068.9875443055603
55.944979403463286,-3.1918160081223337,ESE,55.944864598433576,-3.1915388442625803,1731.555778209929,2067.7375443055603
55.944864598433576,-3.1915388442625803,ENE,55.944979403463286,-3.191261680402827,1731.555778209929,2066.4875443055603
55.944979403463286,-3.191261680402827,N,55.94527940346329,-3.191261680402827,1786.41870237612,2160.5527055799
55.94527940346329,-3.191261680402827,ESE,55.94516459843358,-3.1909845165430735,1786.41870237612,2159.3027055799
55.94516459843358,-3.1909845165430735,E,55.94516459843358,-3.1906845165430733,1855.6742503485493,2219.7536469997094
55.94516459843358,-3.1906845165430733,ESE,55.94504979340387,-3.19040735268332,1855.6742503485493,2218.5036469997094
55.94504979340387,-3.19040735268332,ESE,55.94493498837416,-3.1901301888235665,1855.6742503485493,2217.2536469997094
55.94493498837416,-3.1901301888235665,E,55.94493498837416,-3.1898301888235663,1855.6742503485493,2216.0036469997094
55.94493498837416,-3.1898301888235663,E,55.94493498837416,-3.189530188823566,1855.6742503485493,2214.7536469997094
55.94493498837416,-3.189530188823566,E,55.94493498837416,-3.189230188823566,1855.6742503485493,2213.5036469997094
55.94493498837416,-3.189230188823566,ESE,55.94482018334445,-3.1889530249638125,1855.6742503485493,2212.2536469997094
55.94482018334445,-3.1889530249638125,ESE,55.94470537831474,-3.188675861104059,1855.6742503485493,2211.0036469997094
55.94470537831474,-3.188675861104059,E,55.94470537831474,-3.188375861104059,1855.6742503485493,2209.7536469997094
55.94470537831474,-3.188375861104059,ESE,55.944590573285026,-3.1880986972443055,1855.6742503485493,2208.5036469997094
55.944590573285026,-3.1880986972443055,ESE,55.944475768255316,-3.187821533384552,1855.6742503485493,2207.2536469997094
55.944475768255316,-3.187821533384552,ESE,55.944360963225606,-3.1875443695247987,1855.6742503485493,2206.0036469997094
55.944360963225606,-3.1875443695247987,E,55.944360963225606,-3.1872443695247985,1855.6742503485493,2204.7536469997094
55.944360963225606,-3.1872443695247985,E,55.944360963225606,-3.1869443695247983,1855.6742503485493,2203.5036469997094
55.944360963225606,-3.1869443695247983,ENE,55.944475768255316,-3.186667205665045,1855.6742503485493,2202.2536469997094
55.944475768255316,-3.186667205665045,WSW,55.944360963225606,-3.1869443695247983,1855.6742503485493,2201.0036469997094
55.944360963225606,-3.1869443695247983,ENE,55.944475768255316,-3.186667205665045,1855.6742503485493,2199.7536469997094
55.944475768255316,-3.186667205665045,WSW,55.944360963225606,-3.1869443695247983,1855.6742503485493,2198.5036469997094
55.944360963225606,-3.1869443695247983,ENE,55.944475768255316,-3.186667205665045,1855.6742503485493,2197.2536469997094
55.944475768255316,-3.186667205665045,WSW,55.944360963225606,-3.1869443695247983,1855.6742503485493,2196.0036469997094
55.944360963225606,-3.1869443695247983,ENE,55.944475768255316,-3.186667205665045,1855.6742503485493,2194.7536469997094
55.944475768255316,-3.186667205665045,WSW,55.944360963225606,-3.1869443695247983,1855.6742503485493,2193.5036469997094
55.944360963225606,-3.1869443695247983,ENE,55.944475768255316,-3.186667205665045,1855.6742503485493,2192.2536469997094
55.944475768255316,-3.186667205665045,WSW,55.944360963225606,-3.1869443695247983,1855.6742503485493,2191.0036469997094
55.944360963225606,-3.1869443695247983,ENE,55.944475768255316,-3.186667205665045,1855.6742503485493,2189.7536469997094
55.944475768255316,-3.186667205665045,WSW,55.944360963225606,-3.1869443695247983,1855.6742503485493,2188.5036469997094
55.944360963225606,-3.1869443695247983,ENE,55.944475768255316,-3.186667205665045,1855.6742503485493,2187.2536469997094
55.944475768255316,-3.186667205665045,WSW,55.944360963225606,-3.1869443695247983,1855.6742503485493,2186.0036469997094
55.944360963225606,-3.1869443695247983,ENE,55.944475768255316,-3.186667205665045,1855.6742503485493,2184.7536469997094
55.944475768255316,-3.186667205665045,WSW,55.944360963225606,-3.1869443695247983,1855.6742503485493,2183.5036469997094
55.944360963225606,-3.1869443695247983,ENE,55.944475768255316,-3.186667205665045,1855.6742503485493,2182.2536469997094
55.944475768255316,-3.186667205665045,WSW,55.944360963225606,-3.1869443695247983,1855.6742503485493,2181.0036469997094
55.944360963225606,-3.1869443695247983,ENE,55.944475768255316,-3.186667205665045,1855.6742503485493,2179.7536469997094
55.944475768255316,-3.186667205665045,WSW,55.944360963225606,-3.1869443695247983,1855.6742503485493,2178.5036469997094
55.944360963225606,-3.1869443695247983,ENE,55.944475768255316,-3.186667205665045,1855.6742503485493,2177.2536469997094
55.944475768255316,-3.186667205665045,WSW,55.944360963225606,-3.1869443695247983,1855.6742503485493,2176.0036469997094
55.944360963225606,-3.1869443695247983,ENE,55.944475768255316,-3.186667205665045,1855.6742503485493,2174.7536469997094
55.944475768255316,-3.186667205665045,WSW,55.944360963225606,-3.1869443695247983,1855.6742503485493,2173.5036469997094
55.944360963225606,-3.1869443695247983,ENE,55.944475768255316,-3.186667205665045,1855.6742503485493,2172.2536469997094
55.944475768255316,-3.186667205665045,WSW,55.944360963225606,-3.1869443695247983,1855.6742503485493,2171.0036469997094
55.944360963225606,-3.1869443695247983,ENE,55.944475768255316,-3.186667205665045,1855.6742503485493,2169.7536469997094
55.944475768255316,-3.186667205665045,WSW,55.944360963225606,-3.1869443695247983,1855.6742503485493,2168.5036469997094
55.944360963225606,-3.1869443695247983,ENE,55.944475768255316,-3.186667205665045,1855.6742503485493,2167.2536469997094
55.944475768255316,-3.186667205665045,WSW,55.944360963225606,-3.1869443695247983,1855.6742503485493,2166.0036469997094
55.944360963225606,-3.1869443695247983,ENE,55.944475768255316,-3.186667205665045,1855.6742503485493,2164.7536469997094
55.944475768255316,-3.186667205665045,WSW,55.944360963225606,-3.1869443695247983,1855.6742503485493,2163.5036469997094
55.944360963225606,-3.1869443695247983,ENE,55.944475768255316,-3.186667205665045,1855.6742503485493,2162.2536469997094
55.944475768255316,-3.186667205665045,WSW,55.944360963225606,-3.1869443695247983,1855.6742503485493,2161.0036469997094
55.944360963225606,-3.1869443695247983,ENE,55.944475768255316,-3.186667205665045,1855.6742503485493,2159.7536469997094
55.944475768255316,-3.186667205665045,WSW,55.944360963225606,-3.1869443695247983,1855.6742503485493,2158.5036469997094
55.944360963225606,-3.1869443695247983,ENE,55.944475768255316,-3.186667205665045,1855.6742503485493,2157.2536469997094
55.944475768255316,-3.186667205665045,WSW,55.944360963225606,-3.1869443695247983,1855.6742503485493,2156.0036469997094
55.944360963225606,-3.1869443695247983,ENE,55.944475768255316,-3.186667205665045,1855.6742503485493,2154.7536469997094
55.944475768255316,-3.186667205665045,WSW,55.944360963225606,-3.1869443695247983,1855.6742503485493,2153.5036469997094
55.944360963225606,-3.1869443695247983,ENE,55.944475768255316,-3.186667205665045,1855.6742503485493,2152.2536469997094
55.944475768255316,-3.186667205665045,WSW,55.944360963225606,-3.1869443695247983,1855.6742503485493,2151.0036469997094
55.944360963225606,-3.1869443695247983,ENE,55.944475768255316,-3.186667205665045,1855.6742503485493,2149.7536469997094
55.944475768255316,-3.186667205665045,WSW,55.944360963225606,-3.1869443695247983,1855.6742503485493,2148.5036469997094
55.944360963225606,-3.1869443695247983,ENE,55.944475768255316,-3.186667205665045,1855.6742503485493,2147.2536469997094
55.944475768255316,-3.186667205665045,WSW,55.944360963225606,-3.1869443695247983,1855.6742503485493,2146.0036469997094
55.944360963225606,-3.1869443695247983,ENE,55.944475768255316,-3.186667205665045,1855.6742503485493,2144.7536469997094
55.944475768255316,-3.186667205665045,WSW,55.944360963225606,-3.1869443695247983,1855.6742503485493,2143.5036469997094
55.944360963225606,-3.1869443695247983,ENE,55.944475768255316,-3.186667205665045,1855.6742503485493,2142.2536469997094
55.944475768255316,-3.186667205665045,WSW,55.944360963225606,-3.1869443695247983,1855.6742503485493,2141.0036469997094
55.944360963225606,-3.1869443695247983,ENE,55.944475768255316,-3.186667205665045,1855.6742503485493,2139.7536469997094
55.944475768255316,-3.186667205665045,WSW,55.944360963225606,-3.1869443695247983,1855.6742503485493,2138.5036469997094
55.944360963225606,-3.1869443695247983,ENE,55.944475768255316,-3.186667205665045,1855.6742503485493,2137.2536469997094
55.944475768255316,-3.186667205665045,WSW,55.944360963225606,-3.1869443695247983,1855.6742503485493,2136.0036469997094
55.944360963225606,-3.1869443695247983,ENE,55.944475768255316,-3.186667205665045,1855.6742503485493,2134.7536469997094
55.944475768255316,-3.186667205665045,WSW,55.944360963225606,-3.1869443695247983,1855.6742503485493,2133.5036469997094
55.944360963225606,-3.1869443695247983,ENE,55.944475768255316,-3.186667205665045,1855.6742503485493,2132.2536469997094
55.944475768255316,-3.186667205665045,WSW,55.944360963225606,-3.1869443695247983,1855.6742503485493,2131.0036469997094
55.944360963225606,-3.1869443695247983,ENE,55.944475768255316,-3.186667205665045,1855.6742503485493,2129.7536469997094
55.944475768255316,-3.186667205665045,WSW,55.944360963225606,-3.1869443695247983,1855.6742503485493,2128.5036469997094
55.944360963225606,-3.1869443695247983,ENE,55.944475768255316,-3.186667205665045,1855.6742503485493,2127.2536469997094
55.944475768255316,-3.186667205665045,WSW,55.944360963225606,-3.1869443695247983,1855.6742503485493,2126.0036469997094
55.944360963225606,-3.1869443695247983,ENE,55.944475768255316,-3.186667205665045,1855.6742503485493,2124.7536469997094
55.944475768255316,-3.186667205665045,WSW,55.944360963225606,-3.1869443695247983,1855.6742503485493,2123.5036469997094
55.944360963225606,-3.1869443695247983,ENE,55.944475768255316,-3.186667205665045,1855.6742503485493,2122.2536469997094
55.944475768255316,-3.186667205665045,WSW,55.944360963225606,-3.1869443695247983,1855.6742503485493,2121.0036469997094
55.944360963225606,-3.1869443695247983,ENE,55.944475768255316,-3.186667205665045,1855.6742503485493,2119.7536469997094
55.944475768255316,-3.186667205665045,WSW,55.944360963225606,-3.1869443695247983,1855.6742503485493,2118.5036469997094
55.944360963225606,-3.1869443695247983,ENE,55.944475768255316,-3.186667205665045,1855.6742503485493,2117.2536469997094
55.944475768255316,-3.186667205665045,WSW,55.944360963225606,-3.1869443695247983,1855.6742503485493,2116.0036469997094
55.944360963225606,-3.1869443695247983,ENE,55.944475768255316,-3.186667205665045,1855.6742503485493,2114.7536469997094
55.944475768255316,-3.186667205665045,WSW,55.944360963225606,-3.1869443695247983,1855.6742503485493,2113.5036469997094
55.944360963225606,-3.1869443695247983,ENE,55.944475768255316,-3.186667205665045,1855.6742503485493,2112.2536469997094
55.944475768255316,-3.186667205665045,WSW,55.944360963225606,-3.1869443695247983,1855.6742503485493,2111.0036469997094
55.944360963225606,-3.1869443695247983,ENE,55.944475768255316,-3.186667205665045,1855.6742503485493,2109.7536469997094
55.944475768255316,-3.186667205665045,WSW,55.944360963225606,-3.1869443695247983,1855.6742503485493,2108.5036469997094
55.944360963225606,-3.1869443695247983,ENE,55.944475768255316,-3.186667205665045,1855.6742503485493,2107.2536469997094
55.944475768255316,-3.186667205665045,WSW,55.944360963225606,-3.1869443695247983,1855.6742503485493,2106.0036469997094
55.944360963225606,-3.1869443695247983,ENE,55.944475768255316,-3.186667205665045,1855.6742503485493,2104.7536469997094
55.944475768255316,-3.186667205665045,WSW,55.944360963225606,-3.1869443695247983,1855.6742503485493,2103.5036469997094
55.944360963225606,-3.1869443695247983,ENE,55.944475768255316,-3.186667205665045,1855.6742503485493,2102.2536469997094
55.944475768255316,-3.186667205665045,WSW,55.944360963225606,-3.1869443695247983,1855.6742503485493,2101.0036469997094
55.944360963225606,-3.1869443695247983,ENE,55.944475768255316,-3.186667205665045,1855.6742503485493,2099.7536469997094
55.944475768255316,-3.186667205665045,WSW,55.944360963225606,-3.1869443695247983,1855.6742503485493,2098.5036469997094
55.944360963225606,-3.1869443695247983,ENE,55.944475768255316,-3.186667205665045,1855.6742503485493,2097.2536469997094
55.944475768255316,-3.186667205665045,WSW,55.944360963225606,-3.1869443695247983,1855.6742503485493,2096.0036469997094
55.944360963225606,-3.1869443695247983,ENE,55.944475768255316,-3.186667205665045,1855.6742503485493,2094.7536469997094
55.944475768255316,-3.186667205665045,WSW,55.944360963225606,-3.1869443695247983,1855.6742503485493,2093.5036469997094
55.944360963225606,-3.1869443695247983,ENE,55.944475768255316,-3.186667205665045,1855.6742503485493,2092.2536469997094
55.944475768255316,-3.186667205665045,WSW,55.944360963225606,-3.1869443695247983,1855.6742503485493,2091.0036469997094
55.944360963225606,-3.1869443695247983,ENE,55.944475768255316,-3.186667205665045,1855.6742503485493,2089.7536469997094
55.944475768255316,-3.186667205665045,WSW,55.944360963225606,-3.1869443695247983,1855.6742503485493,2088.5036469997094
55.944360963225606,-3.1869443695247983,ENE,55.944475768255316,-3.186667205665045,1855.6742503485493,2087.2536469997094
55.944475768255316,-3.186667205665045,WSW,55.944360963225606,-3.1869443695247983,1855.6742503485493,2086.0036469997094
55.944360963225606,-3.1869443695247983,ENE,55.944475768255316,-3.186667205665045,1855.6742503485493,2084.7536469997094
55.944475768255316,-3.186667205665045,WSW,55.944360963225606,-3.1869443695247983,1855.6742503485493,2083.5036469997094
55.944360963225606,-3.1869443695247983,ENE,55.944475768255316,-3.186667205665045,1855.6742503485493,2082.2536469997094
55.944475768255316,-3.186667205665045,WSW,55.944360963225606,-3.1869443695247983,1855.6742503485493,2081.0036469997094
55.944360963225606,-3.1869443695247983,ENE,55.944475768255316,-3.186667205665045,1855.6742503485493,2079.7536469997094
55.944475768255316,-3.186667205665045,WSW,55.944360963225606,-3.1869443695247983,1855.6742503485493,2078.5036469997094
55.944360963225606,-3.1869443695247983,ENE,55.944475768255316,-3.186667205665045,1855.6742503485493,2077.2536469997094
55.944475768255316,-3.186667205665045,WSW,55.944360963225606,-3.1869443695247983,1855.6742503485493,2076.0036469997094
55.944360963225606,-3.1869443695247983,ENE,55.944475768255316,-3.186667205665045,1855.6742503485493,2074.7536469997094
55.944475768255316,-3.186667205665045,WSW,55.944360963225606,-3.1869443695247983,1855.6742503485493,2073.5036469997094
55.944360963225606,-3.1869443695247983,ENE,55.944475768255316,-3.186667205665045,1855.6742503485493,2072.2536469997094
55.944475768255316,-3.186667205665045,WSW,55.944360963225606,-3.1869443695247983,1855.6742503485493,2071.0036469997094
55.944360963225606,-3.1869443695247983,ENE,55.944475768255316,-3.186667205665045,1855.6742503485493,2069.7536469997094
55.944475768255316,-3.186667205665045,WSW,55.944360963225606,-3.1869443695247983,1855.6742503485493,2068.5036469997094
55.944360963225606,-3.1869443695247983,ENE,55.944475768255316,-3.186667205665045,1855.6742503485493,2067.2536469997094
55.944475768255316,-3.186667205665045,WSW,55.944360963225606,-3.1869443695247983,1855.6742503485493,2066.0036469997094
55.944360963225606,-3.1869443695247983,ENE,55.944475768255316,-3.186667205665045,1855.6742503485493,2064.7536469997094
55.944475768255316,-3.186667205665045,WSW,55.944360963225606,-3.1869443695247983,1855.6742503485493,2063.5036469997094
55.944360963225606,-3.1869443695247983,ENE,55.944475768255316,-3.186667205665045,1855.6742503485493,2062.2536469997094
55.944475768255316,-3.186667205665045,WSW,55.944360963225606,-3.1869443695247983,1855.6742503485493,2061.0036469997094
55.944360963225606,-3.1869443695247983,ENE,55.944475768255316,-3.186667205665045,1855.6742503485493,2059.7536469997094
55.944475768255316,-3.186667205665045,WSW,55.944360963225606,-3.1869443695247983,1855.6742503485493,2058.5036469997094
55.944360963225606,-3.1869443695247983,ENE,55.944475768255316,-3.186667205665045,1855.6742503485493,2057.2536469997094
55.944475768255316,-3.186667205665045,WSW,55.944360963225606,-3.1869443695247983,1855.6742503485493,2056.0036469997094
55.944360963225606,-3.1869443695247983,ENE,55.944475768255316,-3.186667205665045,1855.6742503485493,2054.7536469997094
55.944475768255316,-3.186667205665045,WSW,55.944360963225606,-3.1869443695247983,1855.6742503485493,2053.5036469997094
55.944360963225606,-3.1869443695247983,ENE,55.944475768255316,-3.186667205665045,1855.6742503485493,2052.2536469997094
55.944475768255316,-3.186667205665045,WSW,55.944360963225606,-3.1869443695247983,1855.6742503485493,2051.0036469997094
55.944360963225606,-3.1869443695247983,ENE,55.944475768255316,-3.186667205665045,1855.6742503485493,2049.7536469997094
55.944475768255316,-3.186667205665045,WSW,55.944360963225606,-3.1869443695247983,1855.6742503485493,2048.5036469997094
55.944360963225606,-3.1869443695247983,ENE,55.944475768255316,-3.186667205665045,1855.6742503485493,2047.2536469997094
55.944475768255316,-3.186667205665045,WSW,55.944360963225606,-3.1869443695247983,1855.6742503485493,2046.0036469997094
55.944360963225606,-3.1869443695247983,ENE,55.944475768255316,-3.186667205665045,1855.6742503485493,2044.7536469997094
55.944475768255316,-3.186667205665045,WSW,55.944360963225606,-3.1869443695247983,1855.6742503485493,2043.5036469997094
55.944360963225606,-3.1869443695247983,ENE,55.944475768255316,-3.186667205665045,1855.6742503485493,2042.2536469997094
55.944475768255316,-3.186667205665045,WSW,55.944360963225606,-3.1869443695247983,1855.6742503485493,2041.0036469997094
55.944360963225606,-3.1869443695247983,ENE,55.944475768255316,-3.186667205665045,1855.6742503485493,2039.7536469997094
55.944475768255316,-3.186667205665045,WSW,55.944360963225606,-3.1869443695247983,1855.6742503485493,2038.5036469997094
55.944360963225606,-3.1869443695247983,ENE,55.944475768255316,-3.186667205665045,1855.6742503485493,2037.2536469997094
55.944475768255316,-3.186667205665045,WSW,55.944360963225606,-3.1869443695247983,1855.6742503485493,2036.0036469997094
55.944360963225606,-3.1869443695247983,ENE,55.944475768255316,-3.186667205665045,1855.6742503485493,2034.7536469997094
55.944475768255316,-3.186667205665045,WSW,55.944360963225606,-3.1869443695247983,1855.6742503485493,2033.5036469997094
55.944360963225606,-3.1869443695247983,ENE,55.944475768255316,-3.186667205665045,1855.6742503485493,2032.2536469997094
55.944475768255316,-3.186667205665045,WSW,55.944360963225606,-3.1869443695247983,1855.6742503485493,2031.0036469997094
55.944360963225606,-3.1869443695247983,ENE,55.944475768255316,-3.186667205665045,1855.6742503485493,2029.7536469997094
55.944475768255316,-3.186667205665045,WSW,55.944360963225606,-3.1869443695247983,1855.6742503485493,2028.5036469997094
55.944360963225606,-3.1869443695247983,ENE,55.944475768255316,-3.186667205665045,1855.6742503485493,2027.2536469997094
55.944475768255316,-3.186667205665045,WSW,55.944360963225606,-3.1869443695247983,1855.6742503485493,2026.0036469997094
55.944360963225606,-3.1869443695247983,ENE,55.944475768255316,-3.186667205665045,1855.6742503485493,2024.7536469997094
55.944475768255316,-3.186667205665045,WSW,55.944360963225606,-3.1869443695247983,1855.6742503485493,2023.5036469997094
55.944360963225606,-3.1869443695247983,ENE,55.944475768255316,-3.186667205665045,1855.6742503485493,2022.2536469997094
55.944475768255316,-3.186667205665045,WSW,55.944360963225606,-3.1869443695247983,1855.6742503485493,2021.0036469997094
55.944360963225606,-3.1869443695247983,ENE,55.944475768255316,-3.186667205665045,1855.6742503485493,2019.7536469997094
55.944475768255316,-3.186667205665045,WSW,55.944360963225606,-3.1869443695247983,1855.6742503485493,2018.5036469997094
55.944360963225606,-3.1869443695247983,ENE,55.944475768255316,-3.186667205665045,1855.6742503485493,2017.2536469997094
55.944475768255316,-3.186667205665045,WSW,55.944360963225606,-3.1869443695247983,1855.6742503485493,2016.0036469997094
55.944360963225606,-3.1869443695247983,ENE,55.944475768255316,-3.186667205665045,1855.6742503485493,2014.7536469997094
55.944475768255316,-3.186667205665045,WSW,55.944360963225606,-3.1869443695247983,1855.6742503485493,2013.5036469997094
55.944360963225606,-3.1869443695247983,ENE,55.944475768255316,-3.186667205665045,1855.6742503485493,2012.2536469997094
55.944475768255316,-3.186667205665045,WSW,55.944360963225606,-3.1869443695247983,1855.6742503485493,2011.0036469997094
55.944360963225606,-3.1869443695247983,ENE,55.944475768255316,-3.186667205665045,1855.6742503485493,2009.7536469997094
55.944475768255316,-3.186667205665045,WSW,55.944360963225606,-3.1869443695247983,1855.6742503485493,2008.5036469997094
55.944360963225606,-3.1869443695247983,ENE,55.944475768255316,-3.186667205665045,1855.6742503485493,2007.2536469997094
55.944475768255316,-3.186667205665045,WSW,55.944360963225606,-3.1869443695247983,1855.6742503485493,2006.0036469997094
55.944360963225606,-3.1869443695247983,ENE,55.944475768255316,-3.186667205665045,1855.6742503485493,2004.7536469997094
