55.944425,-3.188396,W,55.944425,-3.188696,89.70792575958765,398.48415968532464
55.944425,-3.188696,NNW,55.94470216385976,-3.1888108050297097,89.70792575958765,397.23415968532464
55.94470216385976,-3.1888108050297097,SE,55.9444900318254,-3.188598672995354,89.70792575958765,395.98415968532464
55.9444900318254,-3.188598672995354,SW,55.94427789979105,-3.1888108050297097,89.70792575958765,394.73415968532464
55.94427789979105,-3.1888108050297097,W,55.94427789979105,-3.18911080502971,89.70792575958765,393.48415968532464
55.94427789979105,-3.18911080502971,SE,55.94406576775669,-3.188898672995354,89.70792575958765,392.23415968532464
55.94406576775669,-3.188898672995354,N,55.94436576775669,-3.188898672995354,89.70792575958765,390.98415968532464
55.94436576775669,-3.188898672995354,NNW,55.94464293161645,-3.1890134780250636,89.70792575958765,389.73415968532464
55.94464293161645,-3.1890134780250636,NE,55.944855063650806,-3.188801345990708,89.70792575958765,388.48415968532464
55.944855063650806,-3.188801345990708,N,55.94515506365081,-3.188801345990708,135.96512832354622,433.2713164217139
55.94515506365081,-3.188801345990708,SW,55.94494293161645,-3.1890134780250636,135.96512832354622,432.0213164217139
55.94494293161645,-3.1890134780250636,SE,55.944730799582096,-3.188801345990708,135.96512832354622,430.7713164217139
55.944730799582096,-3.188801345990708,ENE,55.94484560461181,-3.1885241821309545,135.96512832354622,429.5213164217139
55.94484560461181,-3.1885241821309545,SSW,55.94456844075205,-3.188638987160664,135.96512832354622,428.2713164217139
55.94456844075205,-3.188638987160664,SSW,55.944291276892294,-3.1887537921903735,135.96512832354622,427.0213164217139
55.944291276892294,-3.1887537921903735,W,55.944291276892294,-3.1890537921903737,135.96512832354622,425.7713164217139
55.944291276892294,-3.1890537921903737,S,55.94399127689229,-3.1890537921903737,135.96512832354622,424.5213164217139
55.94399127689229,-3.1890537921903737,NW,55.94420340892665,-3.1892659242247294,135.96512832354622,423.2713164217139
55.94420340892665,-3.1892659242247294,SW,55.94399127689229,-3.189478056259085,135.96512832354622,422.0213164217139
55.94399127689229,-3.189478056259085,WSW,55.94387647186258,-3.1897552201188386,135.96512832354622,420.7713164217139
55.94387647186258,-3.1897552201188386,WSW,55.94376166683287,-3.190032383978592,164.75152572563496,522.8012599596384
55.94376166683287,-3.190032383978592,WNW,55.94387647186258,-3.1903095478383454,172.13661883705782,547.2378835276127
55.94387647186258,-3.1903095478383454,N,55.94417647186258,-3.1903095478383454,286.0955717115031,611.3582726908321
55.94417647186258,-3.1903095478383454,W,55.94417647186258,-3.1906095478383456,342.4684504734401,616.440383401702
55.94417647186258,-3.1906095478383456,WSW,55.94406166683287,-3.190886711698099,463.93517921874275,650.844561030451
55.94406166683287,-3.190886711698099,WNW,55.94417647186258,-3.1911638755578524,463.93517921874275,649.594561030451
55.94417647186258,-3.1911638755578524,NE,55.94438860389694,-3.1909517435234966,463.93517921874275,648.344561030451
55.94438860389694,-3.1909517435234966,W,55.94438860389694,-3.191251743523497,463.93517921874275,647.094561030451
55.94438860389694,-3.191251743523497,ENE,55.94450340892665,-3.1909745796637434,463.93517921874275,645.844561030451
55.94450340892665,-3.1909745796637434,SE,55.944291276892294,-3.1907624476293877,463.93517921874275,644.594561030451
55.944291276892294,-3.1907624476293877,ESE,55.94417647186258,-3.1904852837696343,463.93517921874275,643.344561030451
55.94417647186258,-3.1904852837696343,NE,55.94438860389694,-3.1902731517352785,463.93517921874275,642.094561030451
55.94438860389694,-3.1902731517352785,SSW,55.94411144003718,-3.190387956764988,463.93517921874275,640.844561030451
55.94411144003718,-3.190387956764988,S,55.94381144003718,-3.190387956764988,463.93517921874275,639.594561030451
55.94381144003718,-3.190387956764988,N,55.94411144003718,-3.190387956764988,463.93517921874275,638.344561030451
55.94411144003718,-3.190387956764988,E,55.94411144003718,-3.190087956764988,463.93517921874275,637.094561030451
55.94411144003718,-3.190087956764988,SSE,55.94383427617743,-3.1899731517352783,463.93517921874275,635.844561030451
55.94383427617743,-3.1899731517352783,SSE,55.94355711231767,-3.189858346705569,463.93517921874275,634.594561030451
55.94355711231767,-3.189858346705569,SSW,55.94327994845791,-3.1899731517352783,463.93517921874275,633.344561030451
55.94327994845791,-3.1899731517352783,ESE,55.9431651434282,-3.189695987875525,463.93517921874275,632.094561030451
55.9431651434282,-3.189695987875525,W,55.9431651434282,-3.189995987875525,463.93517921874275,630.844561030451
55.9431651434282,-3.189995987875525,N,55.943465143428206,-3.189995987875525,463.93517921874275,629.594561030451
55.943465143428206,-3.189995987875525,W,55.943465143428206,-3.1902959878755253,463.93517921874275,628.344561030451
55.943465143428206,-3.1902959878755253,SSE,55.94318797956845,-3.1901811828458158,463.93517921874275,627.094561030451
55.94318797956845,-3.1901811828458158,NE,55.943400111602806,-3.18996905081146,463.93517921874275,625.844561030451
55.943400111602806,-3.18996905081146,N,55.94370011160281,-3.18996905081146,463.93517921874275,624.594561030451
55.94370011160281,-3.18996905081146,S,55.943400111602806,-3.18996905081146,463.93517921874275,623.344561030451
55.943400111602806,-3.18996905081146,NNW,55.94367727546256,-3.1900838558411695,463.93517921874275,622.094561030451
55.94367727546256,-3.1900838558411695,SE,55.943465143428206,-3.1898717238068137,463.93517921874275,620.844561030451
55.943465143428206,-3.1898717238068137,N,55.94376514342821,-3.1898717238068137,463.93517921874275,619.594561030451
55.94376514342821,-3.1898717238068137,S,55.943465143428206,-3.1898717238068137,463.93517921874275,618.344561030451
55.943465143428206,-3.1898717238068137,WNW,55.943579948457916,-3.190148887666567,463.93517921874275,617.094561030451
55.943579948457916,-3.190148887666567,W,55.943579948457916,-3.1904488876665673,463.93517921874275,615.844561030451
55.943579948457916,-3.1904488876665673,SE,55.94336781642356,-3.1902367556322115,463.93517921874275,614.594561030451
55.94336781642356,-3.1902367556322115,ENE,55.94348262145327,-3.189959591772458,463.93517921874275,613.344561030451
55.94348262145327,-3.189959591772458,NW,55.94369475348763,-3.190171723806814,463.93517921874275,612.094561030451
55.94369475348763,-3.190171723806814,E,55.94369475348763,-3.1898717238068137,463.93517921874275,610.844561030451
55.94369475348763,-3.1898717238068137,NE,55.94390688552198,-3.189659591772458,463.93517921874275,609.594561030451
55.94390688552198,-3.189659591772458,E,55.94390688552198,-3.1893595917724578,463.93517921874275,608.344561030451
55.94390688552198,-3.1893595917724578,SE,55.94369475348763,-3.189147459738102,463.93517921874275,607.094561030451
55.94369475348763,-3.189147459738102,SE,55.94348262145327,-3.188935327703746,463.93517921874275,605.844561030451
55.94348262145327,-3.188935327703746,NNE,55.94375978531303,-3.1888205226740367,463.93517921874275,604.594561030451
55.94375978531303,-3.1888205226740367,S,55.943459785313024,-3.1888205226740367,463.93517921874275,603.344561030451
55.943459785313024,-3.1888205226740367,NE,55.94367191734738,-3.188608390639681,463.93517921874275,602.094561030451
55.94367191734738,-3.188608390639681,E,55.94367191734738,-3.1883083906396807,463.93517921874275,600.844561030451
55.94367191734738,-3.1883083906396807,ENE,55.94378672237709,-3.1880312267799273,480.27276780638397,721.037900134988
55.94378672237709,-3.1880312267799273,W,55.94378672237709,-3.1883312267799275,480.27276780638397,719.787900134988
55.94378672237709,-3.1883312267799275,E,55.94378672237709,-3.1880312267799273,480.27276780638397,718.537900134988
55.94378672237709,-3.1880312267799273,ESE,55.94367191734738,-3.187754062920174,480.27276780638397,717.287900134988
55.94367191734738,-3.187754062920174,WNW,55.94378672237709,-3.1880312267799273,480.27276780638397,716.037900134988
55.94378672237709,-3.1880312267799273,SSW,55.943509558517334,-3.188146031809637,480.27276780638397,714.787900134988
55.943509558517334,-3.188146031809637,NNE,55.94378672237709,-3.1880312267799273,480.27276780638397,713.537900134988
55.94378672237709,-3.1880312267799273,NNW,55.94406388623685,-3.188146031809637,480.27276780638397,712.287900134988
55.94406388623685,-3.188146031809637,SW,55.94385175420249,-3.1883581638439926,480.27276780638397,711.037900134988
55.94385175420249,-3.1883581638439926,E,55.94385175420249,-3.1880581638439924,480.27276780638397,709.787900134988
55.94385175420249,-3.1880581638439924,W,55.94385175420249,-3.1883581638439926,480.27276780638397,708.537900134988
55.94385175420249,-3.1883581638439926,S,55.94355175420249,-3.1883581638439926,480.27276780638397,707.287900134988
55.94355175420249,-3.1883581638439926,SSW,55.94327459034273,-3.188472968873702,480.27276780638397,706.037900134988
55.94327459034273,-3.188472968873702,WSW,55.94315978531302,-3.1887501327334555,480.27276780638397,704.787900134988
55.94315978531302,-3.1887501327334555,SSW,55.942882621453265,-3.188864937763165,559.392830166094,800.0730787156244
55.942882621453265,-3.188864937763165,SE,55.94267048941891,-3.1886528057288093,559.392830166094,798.8230787156244
55.94267048941891,-3.1886528057288093,E,55.94267048941891,-3.188352805728809,559.392830166094,797.5730787156244
55.94267048941891,-3.188352805728809,NNE,55.942947653278665,-3.1882380006990996,559.392830166094,796.3230787156244
55.942947653278665,-3.1882380006990996,ESE,55.942832848248955,-3.187960836839346,559.392830166094,795.0730787156244
55.942832848248955,-3.187960836839346,ENE,55.942947653278665,-3.1876836729795928,559.392830166094,793.8230787156244
55.942947653278665,-3.1876836729795928,SSE,55.94267048941891,-3.1875688679498833,559.392830166094,792.5730787156244
55.94267048941891,-3.1875688679498833,E,55.94267048941891,-3.187268867949883,559.392830166094,791.3230787156244
55.94267048941891,-3.187268867949883,E,55.94267048941891,-3.186968867949883,559.392830166094,790.0730787156244
55.94267048941891,-3.186968867949883,NNE,55.942947653278665,-3.1868540629201734,613.9426634779753,853.9395581821665
55.942947653278665,-3.1868540629201734,NNW,55.94322481713842,-3.186968867949883,613.9426634779753,852.6895581821665
55.94322481713842,-3.186968867949883,NNW,55.94350198099818,-3.1870836729795924,613.9426634779753,851.4395581821665
55.94350198099818,-3.1870836729795924,NNE,55.943779144857935,-3.186968867949883,636.8980108675854,906.6322470077423
55.943779144857935,-3.186968867949883,SE,55.94356701282358,-3.186756735915527,636.8980108675854,905.3822470077423
55.94356701282358,-3.186756735915527,SSW,55.94328984896382,-3.1868715409452366,636.8980108675854,904.1322470077423
55.94328984896382,-3.1868715409452366,WSW,55.94317504393411,-3.18714870480499,636.8980108675854,902.8822470077423
55.94317504393411,-3.18714870480499,E,55.94317504393411,-3.18684870480499,636.8980108675854,901.6322470077423
55.94317504393411,-3.18684870480499,WSW,55.9430602389044,-3.1871258686647432,636.8980108675854,900.3822470077423
55.9430602389044,-3.1871258686647432,S,55.9427602389044,-3.1871258686647432,636.8980108675854,899.1322470077423
55.9427602389044,-3.1871258686647432,NW,55.942972370938755,-3.187338000699099,636.8980108675854,897.8822470077423
55.942972370938755,-3.187338000699099,SW,55.9427602389044,-3.1875501327334548,636.8980108675854,896.6322470077423
55.9427602389044,-3.1875501327334548,E,55.9427602389044,-3.1872501327334546,636.8980108675854,895.3822470077423
55.9427602389044,-3.1872501327334546,WNW,55.94287504393411,-3.187527296593208,636.8980108675854,894.1322470077423
55.94287504393411,-3.187527296593208,E,55.94287504393411,-3.187227296593208,636.8980108675854,892.8822470077423
55.94287504393411,-3.187227296593208,ESE,55.9427602389044,-3.1869501327334544,636.8980108675854,891.6322470077423
55.9427602389044,-3.1869501327334544,ENE,55.94287504393411,-3.186672968873701,636.8980108675854,890.3822470077423
55.94287504393411,-3.186672968873701,ESE,55.9427602389044,-3.1863958050139476,636.8980108675854,889.1322470077423
55.9427602389044,-3.1863958050139476,E,55.9427602389044,-3.1860958050139474,636.8980108675854,887.8822470077423
55.9427602389044,-3.1860958050139474,WNW,55.94287504393411,-3.186372968873701,636.8980108675854,886.6322470077423
55.94287504393411,-3.186372968873701,ESE,55.9427602389044,-3.1860958050139474,636.8980108675854,885.3822470077423
55.9427602389044,-3.1860958050139474,W,55.9427602389044,-3.1863958050139476,636.8980108675854,884.1322470077423
55.9427602389044,-3.1863958050139476,WSW,55.94264543387469,-3.186672968873701,636.8980108675854,882.8822470077423
55.94264543387469,-3.186672968873701,NW,55.942857565909044,-3.1868851009080568,636.8980108675854,881.6322470077423
55.942857565909044,-3.1868851009080568,N,55.94315756590905,-3.1868851009080568,636.8980108675854,880.3822470077423
55.94315756590905,-3.1868851009080568,NW,55.9433696979434,-3.1870972329424125,636.8980108675854,879.1322470077423
55.9433696979434,-3.1870972329424125,NW,55.94358182997776,-3.1873093649767683,636.8980108675854,877.8822470077423
55.94358182997776,-3.1873093649767683,SSW,55.943304666118,-3.187424170006478,636.8980108675854,876.6322470077423
55.943304666118,-3.187424170006478,SSE,55.943027502258246,-3.1873093649767683,636.8980108675854,875.3822470077423
55.943027502258246,-3.1873093649767683,S,55.94272750225824,-3.1873093649767683,636.8980108675854,874.1322470077423
55.94272750225824,-3.1873093649767683,E,55.94272750225824,-3.187009364976768,636.8980108675854,872.8822470077423
55.94272750225824,-3.187009364976768,N,55.943027502258246,-3.187009364976768,636.8980108675854,871.6322470077423
55.943027502258246,-3.187009364976768,ESE,55.942912697228536,-3.1867322011170147,636.8980108675854,870.3822470077423
55.942912697228536,-3.1867322011170147,SSE,55.94263553336878,-3.186617396087305,636.8980108675854,869.1322470077423
55.94263553336878,-3.186617396087305,E,55.94263553336878,-3.186317396087305,636.8980108675854,867.8822470077423
55.94263553336878,-3.186317396087305,NE,55.942847665403136,-3.1861052640529492,636.8980108675854,866.6322470077423
55.942847665403136,-3.1861052640529492,SE,55.94263553336878,-3.1858931320185935,636.8980108675854,865.3822470077423
55.94263553336878,-3.1858931320185935,NNE,55.942912697228536,-3.185778326988884,636.8980108675854,864.1322470077423
55.942912697228536,-3.185778326988884,ENE,55.943027502258246,-3.1855011631291306,711.0229212787518,1007.4570777421229
55.943027502258246,-3.1855011631291306,W,55.943027502258246,-3.1858011631291308,711.0229212787518,1006.2070777421229
55.943027502258246,-3.1858011631291308,NNW,55.943304666118,-3.1859159681588403,711.0229212787518,1004.9570777421229
55.943304666118,-3.1859159681588403,S,55.943004666118,-3.1859159681588403,711.0229212787518,1003.7070777421229
55.943004666118,-3.1859159681588403,ESE,55.94288986108829,-3.185638804299087,711.0229212787518,1002.4570777421229
55.94288986108829,-3.185638804299087,W,55.94288986108829,-3.185938804299087,711.0229212787518,1001.2070777421229
55.94288986108829,-3.185938804299087,NE,55.943101993122646,-3.1857266722647313,711.0229212787518,999.9570777421229
55.943101993122646,-3.1857266722647313,NW,55.943314125157,-3.185938804299087,711.0229212787518,998.7070777421229
55.943314125157,-3.185938804299087,SW,55.943101993122646,-3.186150936333443,711.0229212787518,997.4570777421229
55.943101993122646,-3.186150936333443,NNE,55.9433791569824,-3.1860361313037333,711.0229212787518,996.2070777421229
55.9433791569824,-3.1860361313037333,S,55.9430791569824,-3.1860361313037333,711.0229212787518,994.9570777421229
55.9430791569824,-3.1860361313037333,ESE,55.94296435195269,-3.18575896744398,711.0229212787518,993.7070777421229
55.94296435195269,-3.18575896744398,S,55.942664351952686,-3.18575896744398,711.0229212787518,992.4570777421229
55.942664351952686,-3.18575896744398,E,55.942664351952686,-3.1854589674439797,711.0229212787518,991.2070777421229
55.942664351952686,-3.1854589674439797,WNW,55.9427791569824,-3.185736131303733,711.0229212787518,989.9570777421229
55.9427791569824,-3.185736131303733,NW,55.94299128901675,-3.185948263338089,711.0229212787518,988.7070777421229
55.94299128901675,-3.185948263338089,NE,55.94320342105111,-3.185736131303733,711.0229212787518,987.4570777421229
55.94320342105111,-3.185736131303733,N,55.94350342105111,-3.185736131303733,711.0229212787518,986.2070777421229
55.94350342105111,-3.185736131303733,NW,55.94371555308547,-3.185948263338089,711.0229212787518,984.9570777421229
55.94371555308547,-3.185948263338089,N,55.94401555308547,-3.185948263338089,829.1751102991242,1057.183779471214
55.94401555308547,-3.185948263338089,SSE,55.943738389225715,-3.1858334583083794,829.1751102991242,1055.933779471214
55.943738389225715,-3.1858334583083794,N,55.94403838922572,-3.1858334583083794,829.1751102991242,1054.683779471214
55.94403838922572,-3.1858334583083794,WSW,55.94392358419601,-3.186110622168133,829.1751102991242,1053.433779471214
55.94392358419601,-3.186110622168133,WNW,55.94403838922572,-3.186387786027886,829.1751102991242,1052.183779471214
55.94403838922572,-3.186387786027886,NW,55.944250521260074,-3.186599918062242,851.8223588130693,1124.5185370119325
55.944250521260074,-3.186599918062242,WSW,55.94413571623036,-3.1868770819219954,851.8223588130693,1123.2685370119325
55.94413571623036,-3.1868770819219954,NW,55.94434784826472,-3.187089213956351,851.8223588130693,1122.0185370119325
55.94434784826472,-3.187089213956351,NW,55.944559980299076,-3.187301345990707,851.8223588130693,1120.7685370119325
55.944559980299076,-3.187301345990707,WSW,55.944445175269365,-3.1875785098504603,851.8223588130693,1119.5185370119325
55.944445175269365,-3.1875785098504603,WSW,55.944330370239655,-3.1878556737102137,953.2175193950818,1175.4705840373629
55.944330370239655,-3.1878556737102137,SE,55.9441182382053,-3.187643541675858,953.2175193950818,1174.2205840373629
55.9441182382053,-3.187643541675858,NW,55.944330370239655,-3.1878556737102137,953.2175193950818,1172.9705840373629
55.944330370239655,-3.1878556737102137,SSE,55.9440532063799,-3.187740868680504,953.2175193950818,1171.7205840373629
55.9440532063799,-3.187740868680504,W,55.9440532063799,-3.1880408686805044,953.2175193950818,1170.4705840373629
55.9440532063799,-3.1880408686805044,N,55.9443532063799,-3.1880408686805044,953.2175193950818,1169.2205840373629
55.9443532063799,-3.1880408686805044,NNW,55.94463037023966,-3.188155673710214,953.2175193950818,1167.9705840373629
55.94463037023966,-3.188155673710214,NNW,55.944907534099414,-3.1882704787399234,953.2175193950818,1166.7205840373629
55.944907534099414,-3.1882704787399234,WSW,55.944792729069704,-3.188547642599677,953.2175193950818,1165.4705840373629
55.944792729069704,-3.188547642599677,SSW,55.94451556520995,-3.1886624476293863,953.2175193950818,1164.2205840373629
55.94451556520995,-3.1886624476293863,NNE,55.944792729069704,-3.188547642599677,953.2175193950818,1162.9705840373629
55.944792729069704,-3.188547642599677,ENE,55.944907534099414,-3.1882704787399234,953.2175193950818,1161.7205840373629
55.944907534099414,-3.1882704787399234,E,55.944907534099414,-3.1879704787399232,953.2175193950818,1160.4705840373629
55.944907534099414,-3.1879704787399232,ENE,55.945022339129125,-3.18769331488017,953.2175193950818,1159.2205840373629
55.945022339129125,-3.18769331488017,NNE,55.94529950298888,-3.1875785098504603,953.2175193950818,1157.9705840373629
55.94529950298888,-3.1875785098504603,S,55.94499950298888,-3.1875785098504603,953.2175193950818,1156.7205840373629
55.94499950298888,-3.1875785098504603,SW,55.94478737095452,-3.187790641884816,953.2175193950818,1155.4705840373629
55.94478737095452,-3.187790641884816,NE,55.94499950298888,-3.1875785098504603,953.2175193950818,1154.2205840373629
55.94499950298888,-3.1875785098504603,WNW,55.94511430801859,-3.1878556737102137,953.2175193950818,1152.9705840373629
55.94511430801859,-3.1878556737102137,NNW,55.945391471878345,-3.1879704787399232,953.2175193950818,1151.7205840373629
55.945391471878345,-3.1879704787399232,WNW,55.945506276908056,-3.1882476425996766,1061.3429582862161,1224.1935498094679
55.945506276908056,-3.1882476425996766,WNW,55.945621081937766,-3.18852480645943,1124.4462968119212,1249.3654071126741
55.945621081937766,-3.18852480645943,N,55.94592108193777,-3.18852480645943,1145.6542536620263,1355.843119324062
55.94592108193777,-3.18852480645943,NNE,55.946198245797525,-3.1884100014297205,1145.6542536620263,1354.593119324062
55.946198245797525,-3.1884100014297205,W,55.946198245797525,-3.1887100014297207,1145.6542536620263,1353.343119324062
55.946198245797525,-3.1887100014297207,SW,55.94598611376317,-3.1889221334640765,1145.6542536620263,1352.093119324062
55.94598611376317,-3.1889221334640765,SE,55.94577398172881,-3.1887100014297207,1145.6542536620263,1350.843119324062
55.94577398172881,-3.1887100014297207,SE,55.94556184969446,-3.188497869395365,1145.6542536620263,1349.593119324062
55.94556184969446,-3.188497869395365,S,55.945261849694454,-3.188497869395365,1145.6542536620263,1348.343119324062
55.945261849694454,-3.188497869395365,NNE,55.94553901355421,-3.1883830643656554,1145.6542536620263,1347.093119324062
55.94553901355421,-3.1883830643656554,N,55.94583901355421,-3.1883830643656554,1145.6542536620263,1345.843119324062
55.94583901355421,-3.1883830643656554,W,55.94583901355421,-3.1886830643656556,1145.6542536620263,1344.593119324062
55.94583901355421,-3.1886830643656556,NW,55.94605114558857,-3.1888951964000114,1145.6542536620263,1343.343119324062
55.94605114558857,-3.1888951964000114,WNW,55.94616595061828,-3.189172360259765,1145.6542536620263,1342.093119324062
55.94616595061828,-3.189172360259765,SSE,55.94588878675852,-3.1890575552300553,1145.6542536620263,1340.843119324062
55.94588878675852,-3.1890575552300553,E,55.94588878675852,-3.188757555230055,1145.6542536620263,1339.593119324062
55.94588878675852,-3.188757555230055,WSW,55.94577398172881,-3.1890347190898085,1145.6542536620263,1338.343119324062
55.94577398172881,-3.1890347190898085,WSW,55.9456591766991,-3.189311882949562,1145.6542536620263,1337.093119324062
55.9456591766991,-3.189311882949562,SSW,55.945382012839346,-3.1894266879792714,1263.2952587440675,1385.9898417563907
55.945382012839346,-3.1894266879792714,SE,55.94516988080499,-3.1892145559449157,1263.2952587440675,1384.7398417563907
55.94516988080499,-3.1892145559449157,S,55.94486988080499,-3.1892145559449157,1263.2952587440675,1383.4898417563907
55.94486988080499,-3.1892145559449157,SSW,55.94459271694523,-3.189329360974625,1263.2952587440675,1382.2398417563907
55.94459271694523,-3.189329360974625,NE,55.94480484897959,-3.1891172289402694,1263.2952587440675,1380.9898417563907
55.94480484897959,-3.1891172289402694,SSE,55.94452768511983,-3.18900242391056,1263.2952587440675,1379.7398417563907
55.94452768511983,-3.18900242391056,SE,55.944315553085474,-3.188790291876204,1263.2952587440675,1378.4898417563907
55.944315553085474,-3.188790291876204,NNW,55.94459271694523,-3.1889050969059136,1263.2952587440675,1377.2398417563907
55.94459271694523,-3.1889050969059136,NNE,55.94486988080499,-3.188790291876204,1263.2952587440675,1375.9898417563907
55.94486988080499,-3.188790291876204,NNE,55.94514704466474,-3.1886754868464946,1263.2952587440675,1374.7398417563907
55.94514704466474,-3.1886754868464946,NNW,55.9454242085245,-3.188790291876204,1263.2952587440675,1373.4898417563907
55.9454242085245,-3.188790291876204,W,55.9454242085245,-3.1890902918762043,1263.2952587440675,1372.2398417563907
55.9454242085245,-3.1890902918762043,WSW,55.94530940349479,-3.1893674557359577,1263.2952587440675,1370.9898417563907
55.94530940349479,-3.1893674557359577,NW,55.945521535529146,-3.1895795877703135,1263.2952587440675,1369.7398417563907
55.945521535529146,-3.1895795877703135,WSW,55.945406730499435,-3.189856751630067,1263.2952587440675,1368.4898417563907
55.945406730499435,-3.189856751630067,SW,55.94519459846508,-3.1900688836644226,1263.2952587440675,1367.2398417563907
55.94519459846508,-3.1900688836644226,ESE,55.94507979343537,-3.1897917198046692,1263.2952587440675,1365.9898417563907
55.94507979343537,-3.1897917198046692,N,55.94537979343537,-3.1897917198046692,1263.2952587440675,1364.7398417563907
55.94537979343537,-3.1897917198046692,ENE,55.94549459846508,-3.189514555944916,1263.2952587440675,1363.4898417563907
55.94549459846508,-3.189514555944916,ENE,55.94560940349479,-3.1892373920851624,1263.2952587440675,1362.2398417563907
55.94560940349479,-3.1892373920851624,N,55.945909403494795,-3.1892373920851624,1263.2952587440675,1360.9898417563907
55.945909403494795,-3.1892373920851624,NE,55.94612153552915,-3.1890252600508067,1263.2952587440675,1359.7398417563907
55.94612153552915,-3.1890252600508067,S,55.94582153552915,-3.1890252600508067,1263.2952587440675,1358.4898417563907
55.94582153552915,-3.1890252600508067,NW,55.946033667563505,-3.1892373920851624,1263.2952587440675,1357.2398417563907
55.946033667563505,-3.1892373920851624,ENE,55.946148472593215,-3.188960228225409,1263.2952587440675,1355.9898417563907
55.946148472593215,-3.188960228225409,SE,55.94593634055886,-3.1887480961910533,1263.2952587440675,1354.7398417563907
55.94593634055886,-3.1887480961910533,E,55.94593634055886,-3.188448096191053,1263.2952587440675,1353.4898417563907
55.94593634055886,-3.188448096191053,S,55.945636340558856,-3.188448096191053,1263.2952587440675,1352.2398417563907
55.945636340558856,-3.188448096191053,SSW,55.9453591766991,-3.1885629012207626,1263.2952587440675,1350.9898417563907
55.9453591766991,-3.1885629012207626,ENE,55.94547398172881,-3.188285737361009,1263.2952587440675,1349.7398417563907
55.94547398172881,-3.188285737361009,N,55.94577398172881,-3.188285737361009,1263.2952587440675,1348.4898417563907
55.94577398172881,-3.188285737361009,ESE,55.9456591766991,-3.1880085735012558,1263.2952587440675,1347.2398417563907
55.9456591766991,-3.1880085735012558,E,55.9456591766991,-3.1877085735012556,1263.2952587440675,1345.9898417563907
55.9456591766991,-3.1877085735012556,ENE,55.94577398172881,-3.187431409641502,1295.3087561161449,1356.3459226647185
55.94577398172881,-3.187431409641502,N,55.946073981728816,-3.187431409641502,1295.3087561161449,1355.0959226647185
55.946073981728816,-3.187431409641502,SE,55.94586184969446,-3.1872192776071464,1295.3087561161449,1353.8459226647185
55.94586184969446,-3.1872192776071464,W,55.94586184969446,-3.1875192776071466,1295.3087561161449,1352.5959226647185
55.94586184969446,-3.1875192776071466,NW,55.946073981728816,-3.1877314096415024,1295.3087561161449,1351.3459226647185
55.946073981728816,-3.1877314096415024,ESE,55.945959176699105,-3.187454245781749,1295.3087561161449,1350.0959226647185
55.945959176699105,-3.187454245781749,E,55.945959176699105,-3.1871542457817488,1295.3087561161449,1348.8459226647185
55.945959176699105,-3.1871542457817488,WSW,55.945844371669395,-3.187431409641502,1295.3087561161449,1347.5959226647185
55.945844371669395,-3.187431409641502,NW,55.94605650370375,-3.187643541675858,1295.3087561161449,1346.3459226647185
55.94605650370375,-3.187643541675858,E,55.94605650370375,-3.1873435416758578,1295.3087561161449,1345.0959226647185
55.94605650370375,-3.1873435416758578,WSW,55.94594169867404,-3.187620705535611,1295.3087561161449,1343.8459226647185
55.94594169867404,-3.187620705535611,SW,55.945729566639685,-3.187832837569967,1295.3087561161449,1342.5959226647185
55.945729566639685,-3.187832837569967,ENE,55.945844371669395,-3.1875556737102135,1295.3087561161449,1341.3459226647185
55.945844371669395,-3.1875556737102135,NNW,55.94612153552915,-3.187670478739923,1295.3087561161449,1340.0959226647185
55.94612153552915,-3.187670478739923,SE,55.945909403494795,-3.1874583467055673,1295.3087561161449,1338.8459226647185
55.945909403494795,-3.1874583467055673,NNW,55.94618656735455,-3.1875731517352768,1295.3087561161449,1337.5959226647185
55.94618656735455,-3.1875731517352768,SSE,55.945909403494795,-3.1874583467055673,1295.3087561161449,1336.3459226647185
55.945909403494795,-3.1874583467055673,S,55.94560940349479,-3.1874583467055673,1295.3087561161449,1335.0959226647185
55.94560940349479,-3.1874583467055673,NNW,55.94588656735455,-3.1875731517352768,1295.3087561161449,1333.8459226647185
55.94588656735455,-3.1875731517352768,ENE,55.94600137238426,-3.1872959878755234,1295.3087561161449,1332.5959226647185
55.94600137238426,-3.1872959878755234,SSW,55.9457242085245,-3.187410792905233,1295.3087561161449,1331.3459226647185
55.9457242085245,-3.187410792905233,S,55.9454242085245,-3.187410792905233,1295.3087561161449,1330.0959226647185
55.9454242085245,-3.187410792905233,WNW,55.94553901355421,-3.1876879567649863,1295.3087561161449,1328.8459226647185
55.94553901355421,-3.1876879567649863,ENE,55.94565381858392,-3.187410792905233,1295.3087561161449,1327.5959226647185
