55.944425,-3.188396,NE,55.94463713203436,-3.1881838679656442,102.80047177808827,328.732148867973
55.94463713203436,-3.1881838679656442,NNW,55.944914295894115,-3.1882986729953537,102.80047177808827,327.482148867973
55.944914295894115,-3.1882986729953537,SE,55.94470216385976,-3.188086540960998,102.80047177808827,326.232148867973
55.94470216385976,-3.188086540960998,SW,55.9444900318254,-3.1882986729953537,102.80047177808827,324.982148867973
55.9444900318254,-3.1882986729953537,W,55.9444900318254,-3.188598672995354,102.80047177808827,323.732148867973
55.9444900318254,-3.188598672995354,WSW,55.94437522679569,-3.1888758368551073,205.10835451473758,388.6248404761285
55.94437522679569,-3.1888758368551073,WSW,55.94426042176598,-3.1891530007148607,205.10835451473758,387.3748404761285
55.94426042176598,-3.1891530007148607,N,55.944560421765985,-3.1891530007148607,205.10835451473758,386.1248404761285
55.944560421765985,-3.1891530007148607,NNW,55.94483758562574,-3.1892678057445702,205.10835451473758,384.8748404761285
55.94483758562574,-3.1892678057445702,SW,55.944625453591385,-3.189479937778926,205.10835451473758,383.6248404761285
55.944625453591385,-3.189479937778926,SE,55.94441332155703,-3.1892678057445702,205.10835451473758,382.3748404761285
55.94441332155703,-3.1892678057445702,ENE,55.94452812658674,-3.188990641884817,205.10835451473758,381.1248404761285
55.94452812658674,-3.188990641884817,SSW,55.94425096272698,-3.1891054469145264,205.10835451473758,379.8748404761285
55.94425096272698,-3.1891054469145264,ESE,55.94413615769727,-3.188828283054773,205.10835451473758,378.6248404761285
55.94413615769727,-3.188828283054773,SE,55.943924025662916,-3.188616151020417,205.10835451473758,377.3748404761285
55.943924025662916,-3.188616151020417,S,55.94362402566291,-3.188616151020417,205.10835451473758,376.1248404761285
55.94362402566291,-3.188616151020417,SW,55.94341189362856,-3.188828283054773,205.10835451473758,374.8748404761285
55.94341189362856,-3.188828283054773,SE,55.9431997615942,-3.188616151020417,283.66473337898185,387.82419428854683
55.9431997615942,-3.188616151020417,SSW,55.942922597734444,-3.1887309560501267,295.64734935492004,510.43073512688545
55.942922597734444,-3.1887309560501267,WSW,55.942807792704734,-3.18900811990988,295.64734935492004,509.18073512688545
55.942807792704734,-3.18900811990988,W,55.942807792704734,-3.1893081199098803,388.47169315629264,616.5008904152121
55.942807792704734,-3.1893081199098803,WNW,55.942922597734444,-3.1895852837696337,476.68249309962613,649.5042165011102
55.942922597734444,-3.1895852837696337,N,55.94322259773445,-3.1895852837696337,527.605965615797,730.4550437552784
55.94322259773445,-3.1895852837696337,WNW,55.94333740276416,-3.189862447629387,527.605965615797,729.2050437552784
55.94333740276416,-3.189862447629387,NE,55.943549534798514,-3.1896503155950313,527.605965615797,727.9550437552784
55.943549534798514,-3.1896503155950313,ENE,55.943664339828224,-3.189373151735278,527.605965615797,726.7050437552784
55.943664339828224,-3.189373151735278,W,55.943664339828224,-3.189673151735278,527.605965615797,725.4550437552784
55.943664339828224,-3.189673151735278,ENE,55.943779144857935,-3.1893959878755247,527.605965615797,724.2050437552784
55.943779144857935,-3.1893959878755247,SE,55.94356701282358,-3.189183855841169,527.605965615797,722.9550437552784
55.94356701282358,-3.189183855841169,ESE,55.94345220779387,-3.1889066919814155,527.605965615797,721.7050437552784
55.94345220779387,-3.1889066919814155,NE,55.943664339828224,-3.1886945599470597,527.605965615797,720.4550437552784
55.943664339828224,-3.1886945599470597,SSW,55.94338717596847,-3.1888093649767693,527.605965615797,719.2050437552784
55.94338717596847,-3.1888093649767693,S,55.943087175968465,-3.1888093649767693,527.605965615797,717.9550437552784
55.943087175968465,-3.1888093649767693,N,55.94338717596847,-3.1888093649767693,527.605965615797,716.7050437552784
55.94338717596847,-3.1888093649767693,E,55.94338717596847,-3.188509364976769,527.605965615797,715.4550437552784
55.94338717596847,-3.188509364976769,SSE,55.94311001210871,-3.1883945599470596,527.605965615797,714.2050437552784
55.94311001210871,-3.1883945599470596,SSE,55.942832848248955,-3.18827975491735,527.605965615797,712.9550437552784
55.942832848248955,-3.18827975491735,ESE,55.942718043219244,-3.1880025910575966,527.605965615797,711.7050437552784
55.942718043219244,-3.1880025910575966,N,55.94301804321925,-3.1880025910575966,610.2097877742345,828.8401480645724
55.94301804321925,-3.1880025910575966,W,55.94301804321925,-3.188302591057597,610.2097877742345,827.5901480645724
55.94301804321925,-3.188302591057597,N,55.94331804321925,-3.188302591057597,610.2097877742345,826.3401480645724
55.94331804321925,-3.188302591057597,W,55.94331804321925,-3.188602591057597,610.2097877742345,825.0901480645724
55.94331804321925,-3.188602591057597,SSE,55.94304087935949,-3.1884877860278875,610.2097877742345,823.8401480645724
55.94304087935949,-3.1884877860278875,NE,55.94325301139385,-3.1882756539935317,610.2097877742345,822.5901480645724
55.94325301139385,-3.1882756539935317,N,55.94355301139385,-3.1882756539935317,610.2097877742345,821.3401480645724
55.94355301139385,-3.1882756539935317,S,55.94325301139385,-3.1882756539935317,610.2097877742345,820.0901480645724
55.94325301139385,-3.1882756539935317,NNW,55.943530175253606,-3.1883904590232413,610.2097877742345,818.8401480645724
55.943530175253606,-3.1883904590232413,SE,55.94331804321925,-3.1881783269888855,610.2097877742345,817.5901480645724
55.94331804321925,-3.1881783269888855,N,55.94361804321925,-3.1881783269888855,610.2097877742345,816.3401480645724
55.94361804321925,-3.1881783269888855,S,55.94331804321925,-3.1881783269888855,610.2097877742345,815.0901480645724
55.94331804321925,-3.1881783269888855,WNW,55.94343284824896,-3.188455490848639,610.2097877742345,813.8401480645724
55.94343284824896,-3.188455490848639,W,55.94343284824896,-3.188755490848639,610.2097877742345,812.5901480645724
55.94343284824896,-3.188755490848639,SE,55.943220716214604,-3.1885433588142833,610.2097877742345,811.3401480645724
55.943220716214604,-3.1885433588142833,ENE,55.943335521244315,-3.18826619495453,610.2097877742345,810.0901480645724
55.943335521244315,-3.18826619495453,NW,55.94354765327867,-3.1884783269888857,610.2097877742345,808.8401480645724
55.94354765327867,-3.1884783269888857,E,55.94354765327867,-3.1881783269888855,610.2097877742345,807.5901480645724
55.94354765327867,-3.1881783269888855,NE,55.94375978531303,-3.1879661949545297,610.2097877742345,806.3401480645724
55.94375978531303,-3.1879661949545297,ESE,55.94364498028332,-3.1876890310947763,651.7307298028109,851.8256302988943
55.94364498028332,-3.1876890310947763,E,55.94364498028332,-3.187389031094776,651.7307298028109,850.5756302988943
55.94364498028332,-3.187389031094776,SE,55.94343284824896,-3.1871768990604203,651.7307298028109,849.3256302988943
55.94343284824896,-3.1871768990604203,SE,55.943220716214604,-3.1869647670260646,651.7307298028109,848.0756302988943
55.943220716214604,-3.1869647670260646,S,55.9429207162146,-3.1869647670260646,651.7307298028109,846.8256302988943
55.9429207162146,-3.1869647670260646,NE,55.94313284824896,-3.186752634991709,651.7307298028109,845.5756302988943
55.94313284824896,-3.186752634991709,E,55.94313284824896,-3.1864526349917086,651.7307298028109,844.3256302988943
55.94313284824896,-3.1864526349917086,W,55.94313284824896,-3.186752634991709,651.7307298028109,843.0756302988943
55.94313284824896,-3.186752634991709,E,55.94313284824896,-3.1864526349917086,651.7307298028109,841.8256302988943
55.94313284824896,-3.1864526349917086,ESE,55.94301804321925,-3.186175471131955,651.7307298028109,840.5756302988943
55.94301804321925,-3.186175471131955,WNW,55.94313284824896,-3.1864526349917086,651.7307298028109,839.3256302988943
55.94313284824896,-3.1864526349917086,SSW,55.9428556843892,-3.186567440021418,651.7307298028109,838.0756302988943
55.9428556843892,-3.186567440021418,NNE,55.94313284824896,-3.1864526349917086,651.7307298028109,836.8256302988943
55.94313284824896,-3.1864526349917086,NNW,55.943410012108714,-3.186567440021418,651.7307298028109,835.5756302988943
55.943410012108714,-3.186567440021418,SW,55.94319788007436,-3.186779572055774,651.7307298028109,834.3256302988943
55.94319788007436,-3.186779572055774,E,55.94319788007436,-3.1864795720557737,651.7307298028109,833.0756302988943
55.94319788007436,-3.1864795720557737,W,55.94319788007436,-3.186779572055774,651.7307298028109,831.8256302988943
55.94319788007436,-3.186779572055774,S,55.942897880074355,-3.186779572055774,651.7307298028109,830.5756302988943
55.942897880074355,-3.186779572055774,SSW,55.9426207162146,-3.1868943770854834,651.7307298028109,829.3256302988943
55.9426207162146,-3.1868943770854834,E,55.9426207162146,-3.186594377085483,651.7307298028109,828.0756302988943
55.9426207162146,-3.186594377085483,NNE,55.942897880074355,-3.1864795720557737,651.7307298028109,826.8256302988943
55.942897880074355,-3.1864795720557737,ESE,55.942783075044645,-3.1862024081960203,651.7307298028109,825.5756302988943
55.942783075044645,-3.1862024081960203,ENE,55.942897880074355,-3.185925244336267,651.7307298028109,824.3256302988943
55.942897880074355,-3.185925244336267,ESE,55.942783075044645,-3.1856480804765135,682.8356028285755,834.7611948899071
55.942783075044645,-3.1856480804765135,ENE,55.942897880074355,-3.18537091661676,788.7580571626276,942.0479298541666
55.942897880074355,-3.18537091661676,SSE,55.9426207162146,-3.1852561115870506,788.7580571626276,940.7979298541666
55.9426207162146,-3.1852561115870506,E,55.9426207162146,-3.1849561115870504,788.7580571626276,939.5479298541666
55.9426207162146,-3.1849561115870504,E,55.9426207162146,-3.18465611158705,788.7580571626276,938.2979298541666
55.9426207162146,-3.18465611158705,NNW,55.942897880074355,-3.1847709166167597,788.7580571626276,937.0479298541666
55.942897880074355,-3.1847709166167597,NNW,55.94317504393411,-3.184885721646469,788.7580571626276,935.7979298541666
55.94317504393411,-3.184885721646469,SE,55.942962911899755,-3.1846735896121134,788.7580571626276,934.5479298541666
55.942962911899755,-3.1846735896121134,SSW,55.94268574804,-3.184788394641823,788.7580571626276,933.2979298541666
55.94268574804,-3.184788394641823,E,55.94268574804,-3.1844883946418228,788.7580571626276,932.0479298541666
55.94268574804,-3.1844883946418228,NW,55.942897880074355,-3.1847005266761785,788.7580571626276,930.7979298541666
55.942897880074355,-3.1847005266761785,SW,55.94268574804,-3.1849126587105343,788.7580571626276,929.5479298541666
55.94268574804,-3.1849126587105343,E,55.94268574804,-3.184612658710534,788.7580571626276,928.2979298541666
55.94268574804,-3.184612658710534,WNW,55.94280055306971,-3.1848898225702875,788.7580571626276,927.0479298541666
55.94280055306971,-3.1848898225702875,E,55.94280055306971,-3.1845898225702873,788.7580571626276,925.7979298541666
55.94280055306971,-3.1845898225702873,WNW,55.94291535809942,-3.1848669864300407,788.7580571626276,924.5479298541666
55.94291535809942,-3.1848669864300407,SSE,55.94263819423966,-3.1847521814003312,788.7580571626276,923.2979298541666
55.94263819423966,-3.1847521814003312,W,55.94263819423966,-3.1850521814003314,788.7580571626276,922.0479298541666
55.94263819423966,-3.1850521814003314,NW,55.94285032627402,-3.185264313434687,788.7580571626276,920.7979298541666
55.94285032627402,-3.185264313434687,N,55.94315032627402,-3.185264313434687,788.7580571626276,919.5479298541666
55.94315032627402,-3.185264313434687,NW,55.94336245830838,-3.185476445469043,788.7580571626276,918.2979298541666
55.94336245830838,-3.185476445469043,NW,55.943574590342735,-3.1856885775033987,788.7580571626276,917.0479298541666
55.943574590342735,-3.1856885775033987,SSW,55.94329742648298,-3.1858033825331082,788.7580571626276,915.7979298541666
55.94329742648298,-3.1858033825331082,SSE,55.94302026262322,-3.1856885775033987,788.7580571626276,914.5479298541666
55.94302026262322,-3.1856885775033987,S,55.94272026262322,-3.1856885775033987,788.7580571626276,913.2979298541666
55.94272026262322,-3.1856885775033987,E,55.94272026262322,-3.1853885775033985,788.7580571626276,912.0479298541666
55.94272026262322,-3.1853885775033985,N,55.94302026262322,-3.1853885775033985,788.7580571626276,910.7979298541666
55.94302026262322,-3.1853885775033985,ESE,55.94290545759351,-3.185111413643645,788.7580571626276,909.5479298541666
55.94290545759351,-3.185111413643645,SSE,55.942628293733755,-3.1849966086139356,788.7580571626276,908.2979298541666
55.942628293733755,-3.1849966086139356,E,55.942628293733755,-3.1846966086139354,788.7580571626276,907.0479298541666
55.942628293733755,-3.1846966086139354,NE,55.94284042576811,-3.1844844765795797,788.7580571626276,905.7979298541666
55.94284042576811,-3.1844844765795797,NNE,55.94311758962787,-3.18436967154987,788.7580571626276,904.5479298541666
55.94311758962787,-3.18436967154987,W,55.94311758962787,-3.1846696715498704,788.7580571626276,903.2979298541666
55.94311758962787,-3.1846696715498704,NNW,55.943394753487624,-3.18478447657958,788.7580571626276,902.0479298541666
55.943394753487624,-3.18478447657958,N,55.94369475348763,-3.18478447657958,828.4832008207889,1023.0285374401935
55.94369475348763,-3.18478447657958,NW,55.94390688552198,-3.1849966086139356,949.9845083707193,1172.670875741965
55.94390688552198,-3.1849966086139356,S,55.94360688552198,-3.1849966086139356,949.9845083707193,1171.420875741965
55.94360688552198,-3.1849966086139356,ESE,55.94349208049227,-3.1847194447541822,949.9845083707193,1170.170875741965
55.94349208049227,-3.1847194447541822,S,55.94319208049227,-3.1847194447541822,949.9845083707193,1168.920875741965
55.94319208049227,-3.1847194447541822,SSW,55.94291491663251,-3.1848342497838917,949.9845083707193,1167.670875741965
55.94291491663251,-3.1848342497838917,W,55.94291491663251,-3.185134249783892,949.9845083707193,1166.420875741965
55.94291491663251,-3.185134249783892,NE,55.94312704866687,-3.184922117749536,949.9845083707193,1165.170875741965
55.94312704866687,-3.184922117749536,NW,55.94333918070122,-3.185134249783892,949.9845083707193,1163.920875741965
55.94333918070122,-3.185134249783892,SW,55.94312704866687,-3.1853463818182477,949.9845083707193,1162.670875741965
55.94312704866687,-3.1853463818182477,NNE,55.94340421252662,-3.185231576788538,949.9845083707193,1161.420875741965
55.94340421252662,-3.185231576788538,S,55.94310421252662,-3.185231576788538,949.9845083707193,1160.170875741965
55.94310421252662,-3.185231576788538,ESE,55.94298940749691,-3.184954412928785,949.9845083707193,1158.920875741965
55.94298940749691,-3.184954412928785,S,55.94268940749691,-3.184954412928785,949.9845083707193,1157.670875741965
55.94268940749691,-3.184954412928785,E,55.94268940749691,-3.1846544129287846,949.9845083707193,1156.420875741965
55.94268940749691,-3.1846544129287846,WNW,55.94280421252662,-3.184931576788538,949.9845083707193,1155.170875741965
55.94280421252662,-3.184931576788538,NW,55.943016344560974,-3.1851437088228938,949.9845083707193,1153.920875741965
55.943016344560974,-3.1851437088228938,NE,55.94322847659533,-3.184931576788538,949.9845083707193,1152.670875741965
55.94322847659533,-3.184931576788538,N,55.94352847659533,-3.184931576788538,949.9845083707193,1151.420875741965
55.94352847659533,-3.184931576788538,NW,55.94374060862969,-3.1851437088228938,949.9845083707193,1150.170875741965
55.94374060862969,-3.1851437088228938,N,55.94404060862969,-3.1851437088228938,949.9845083707193,1148.920875741965
55.94404060862969,-3.1851437088228938,SSE,55.943763444769935,-3.1850289037931843,949.9845083707193,1147.670875741965
55.943763444769935,-3.1850289037931843,N,55.94406344476994,-3.1850289037931843,949.9845083707193,1146.420875741965
55.94406344476994,-3.1850289037931843,NE,55.944275576804294,-3.1848167717588285,1016.4046732062426,1221.131263119722
55.944275576804294,-3.1848167717588285,WNW,55.944390381834005,-3.185093935618582,1016.4046732062426,1219.881263119722
55.944390381834005,-3.185093935618582,WSW,55.944275576804294,-3.1853710994783353,1016.4046732062426,1218.631263119722
55.944275576804294,-3.1853710994783353,WNW,55.944390381834005,-3.1856482633380887,1016.4046732062426,1217.381263119722
55.944390381834005,-3.1856482633380887,WSW,55.944275576804294,-3.185925427197842,1016.4046732062426,1216.131263119722
55.944275576804294,-3.185925427197842,WNW,55.944390381834005,-3.1862025910575955,1033.6277286319928,1298.368673426103
55.944390381834005,-3.1862025910575955,SW,55.94417824979965,-3.1864147230919513,1033.6277286319928,1297.118673426103
55.94417824979965,-3.1864147230919513,NW,55.944390381834005,-3.186626855126307,1033.6277286319928,1295.868673426103
55.944390381834005,-3.186626855126307,NW,55.94460251386836,-3.186838987160663,1033.6277286319928,1294.618673426103
55.94460251386836,-3.186838987160663,WSW,55.94448770883865,-3.1871161510204162,1033.6277286319928,1293.368673426103
55.94448770883865,-3.1871161510204162,SE,55.944275576804294,-3.1869040189860605,1033.6277286319928,1292.118673426103
55.944275576804294,-3.1869040189860605,NW,55.94448770883865,-3.1871161510204162,1033.6277286319928,1290.868673426103
55.94448770883865,-3.1871161510204162,SSE,55.944210544978894,-3.1870013459907067,1033.6277286319928,1289.618673426103
55.944210544978894,-3.1870013459907067,W,55.944210544978894,-3.187301345990707,1033.6277286319928,1288.368673426103
55.944210544978894,-3.187301345990707,N,55.9445105449789,-3.187301345990707,1033.6277286319928,1287.118673426103
55.9445105449789,-3.187301345990707,NNW,55.94478770883865,-3.1874161510204164,1033.6277286319928,1285.868673426103
55.94478770883865,-3.1874161510204164,NNW,55.94506487269841,-3.187530956050126,1033.6277286319928,1284.618673426103
55.94506487269841,-3.187530956050126,WSW,55.9449500676687,-3.1878081199098793,1033.6277286319928,1283.368673426103
55.9449500676687,-3.1878081199098793,NNE,55.945227231528456,-3.18769331488017,1033.6277286319928,1282.118673426103
55.945227231528456,-3.18769331488017,ENE,55.945342036558166,-3.1874161510204164,1033.6277286319928,1280.868673426103
55.945342036558166,-3.1874161510204164,N,55.94564203655817,-3.1874161510204164,1075.8474063229414,1329.6689647717922
55.94564203655817,-3.1874161510204164,E,55.94564203655817,-3.1871161510204162,1075.8474063229414,1328.4189647717922
55.94564203655817,-3.1871161510204162,WNW,55.94575684158788,-3.1873933148801696,1075.8474063229414,1327.1689647717922
55.94575684158788,-3.1873933148801696,ENE,55.94587164661759,-3.1871161510204162,1075.8474063229414,1325.9189647717922
55.94587164661759,-3.1871161510204162,NNE,55.94614881047735,-3.1870013459907067,1075.8474063229414,1324.6689647717922
55.94614881047735,-3.1870013459907067,E,55.94614881047735,-3.1867013459907065,1089.7618008907884,1325.1529827829072
55.94614881047735,-3.1867013459907065,E,55.94614881047735,-3.1864013459907063,1176.9161099955518,1360.248823521199
55.94614881047735,-3.1864013459907063,S,55.945848810477344,-3.1864013459907063,1176.9161099955518,1358.998823521199
55.945848810477344,-3.1864013459907063,SW,55.94563667844299,-3.186613478025062,1176.9161099955518,1357.748823521199
55.94563667844299,-3.186613478025062,NE,55.945848810477344,-3.1864013459907063,1176.9161099955518,1356.498823521199
55.945848810477344,-3.1864013459907063,WNW,55.945963615507054,-3.1866785098504598,1176.9161099955518,1355.248823521199
55.945963615507054,-3.1866785098504598,W,55.945963615507054,-3.18697850985046,1176.9161099955518,1353.998823521199
55.945963615507054,-3.18697850985046,SSE,55.9456864516473,-3.1868637048207504,1176.9161099955518,1352.748823521199
55.9456864516473,-3.1868637048207504,W,55.9456864516473,-3.1871637048207506,1176.9161099955518,1351.498823521199
55.9456864516473,-3.1871637048207506,SW,55.94547431961294,-3.1873758368551064,1176.9161099955518,1350.248823521199
55.94547431961294,-3.1873758368551064,SE,55.945262187578585,-3.1871637048207506,1176.9161099955518,1348.998823521199
55.945262187578585,-3.1871637048207506,SE,55.94505005554423,-3.186951572786395,1176.9161099955518,1347.748823521199
55.94505005554423,-3.186951572786395,SSE,55.94477289168447,-3.1868367677566853,1176.9161099955518,1346.498823521199
55.94477289168447,-3.1868367677566853,S,55.94447289168447,-3.1868367677566853,1176.9161099955518,1345.248823521199
55.94447289168447,-3.1868367677566853,NNE,55.944750055544226,-3.186721962726976,1176.9161099955518,1343.998823521199
55.944750055544226,-3.186721962726976,N,55.94505005554423,-3.186721962726976,1176.9161099955518,1342.748823521199
55.94505005554423,-3.186721962726976,W,55.94505005554423,-3.187021962726976,1176.9161099955518,1341.498823521199
55.94505005554423,-3.187021962726976,NW,55.945262187578585,-3.187234094761332,1176.9161099955518,1340.248823521199
55.945262187578585,-3.187234094761332,WNW,55.945376992608296,-3.187511258621085,1176.9161099955518,1338.998823521199
55.945376992608296,-3.187511258621085,NE,55.94558912464265,-3.1872991265867294,1176.9161099955518,1337.748823521199
55.94558912464265,-3.1872991265867294,SSE,55.945311960782895,-3.18718432155702,1176.9161099955518,1336.498823521199
55.945311960782895,-3.18718432155702,E,55.945311960782895,-3.1868843215570197,1176.9161099955518,1335.248823521199
55.945311960782895,-3.1868843215570197,WSW,55.945197155753185,-3.187161485416773,1176.9161099955518,1333.998823521199
55.945197155753185,-3.187161485416773,WSW,55.945082350723474,-3.1874386492765265,1176.9161099955518,1332.748823521199
55.945082350723474,-3.1874386492765265,SE,55.94487021868912,-3.1872265172421708,1176.9161099955518,1331.498823521199
55.94487021868912,-3.1872265172421708,S,55.944570218689115,-3.1872265172421708,1176.9161099955518,1330.248823521199
55.944570218689115,-3.1872265172421708,SSW,55.94429305482936,-3.1873413222718803,1176.9161099955518,1328.998823521199
55.94429305482936,-3.1873413222718803,NE,55.944505186863715,-3.1871291902375245,1176.9161099955518,1327.748823521199
55.944505186863715,-3.1871291902375245,W,55.944505186863715,-3.1874291902375247,1176.9161099955518,1326.498823521199
55.944505186863715,-3.1874291902375247,SSE,55.94422802300396,-3.187314385207815,1176.9161099955518,1325.248823521199
55.94422802300396,-3.187314385207815,SE,55.9440158909696,-3.1871022531734594,1176.9161099955518,1323.998823521199
55.9440158909696,-3.1871022531734594,NNW,55.94429305482936,-3.187217058203169,1176.9161099955518,1322.748823521199
55.94429305482936,-3.187217058203169,NNE,55.944570218689115,-3.1871022531734594,1176.9161099955518,1321.498823521199
55.944570218689115,-3.1871022531734594,NNE,55.94484738254887,-3.18698744814375,1176.9161099955518,1320.248823521199
55.94484738254887,-3.18698744814375,NNW,55.94512454640863,-3.1871022531734594,1176.9161099955518,1318.998823521199
55.94512454640863,-3.1871022531734594,W,55.94512454640863,-3.1874022531734596,1176.9161099955518,1317.748823521199
55.94512454640863,-3.1874022531734596,WSW,55.94500974137892,-3.187679417033213,1176.9161099955518,1316.498823521199
55.94500974137892,-3.187679417033213,WSW,55.94489493634921,-3.1879565808929664,1176.9161099955518,1315.248823521199
55.94489493634921,-3.1879565808929664,SW,55.94468280431485,-3.188168712927322,1176.9161099955518,1313.998823521199
55.94468280431485,-3.188168712927322,N,55.944982804314854,-3.188168712927322,1176.9161099955518,1312.748823521199
55.944982804314854,-3.188168712927322,ENE,55.945097609344565,-3.1878915490675688,1176.9161099955518,1311.498823521199
55.945097609344565,-3.1878915490675688,ENE,55.945212414374275,-3.1876143852078154,1176.9161099955518,1310.248823521199
55.945212414374275,-3.1876143852078154,NE,55.94542454640863,-3.1874022531734596,1176.9161099955518,1308.998823521199
55.94542454640863,-3.1874022531734596,ENE,55.94553935143834,-3.187125089313706,1176.9161099955518,1307.748823521199
55.94553935143834,-3.187125089313706,NW,55.9457514834727,-3.187337221348062,1176.9161099955518,1306.498823521199
55.9457514834727,-3.187337221348062,S,55.945451483472695,-3.187337221348062,1176.9161099955518,1305.248823521199
55.945451483472695,-3.187337221348062,NW,55.94566361550705,-3.1875493533824177,1176.9161099955518,1303.998823521199
55.94566361550705,-3.1875493533824177,NE,55.94587574754141,-3.187337221348062,1176.9161099955518,1302.748823521199
55.94587574754141,-3.187337221348062,ENE,55.94599055257112,-3.1870600574883086,1176.9161099955518,1301.498823521199
55.94599055257112,-3.1870600574883086,WNW,55.94610535760083,-3.187337221348062,1176.9161099955518,1300.248823521199
55.94610535760083,-3.187337221348062,SE,55.94589322556647,-3.187125089313706,1176.9161099955518,1298.998823521199
55.94589322556647,-3.187125089313706,E,55.94589322556647,-3.186825089313706,1176.9161099955518,1297.748823521199
55.94589322556647,-3.186825089313706,S,55.94559322556647,-3.186825089313706,1176.9161099955518,1296.498823521199
55.94559322556647,-3.186825089313706,SSW,55.94531606170671,-3.1869398943434155,1176.9161099955518,1295.248823521199
55.94531606170671,-3.1869398943434155,ENE,55.94543086673642,-3.186662730483662,1176.9161099955518,1293.998823521199
55.94543086673642,-3.186662730483662,N,55.945730866736426,-3.186662730483662,1176.9161099955518,1292.748823521199
55.945730866736426,-3.186662730483662,ESE,55.945616061706716,-3.1863855666239087,1176.9161099955518,1291.498823521199
55.945616061706716,-3.1863855666239087,SSW,55.94533889784696,-3.186500371653618,1176.9161099955518,1290.248823521199
55.94533889784696,-3.186500371653618,NNE,55.945616061706716,-3.1863855666239087,1176.9161099955518,1288.998823521199
55.945616061706716,-3.1863855666239087,E,55.945616061706716,-3.1860855666239085,1176.9161099955518,1287.748823521199
55.945616061706716,-3.1860855666239085,N,55.94591606170672,-3.1860855666239085,1176.9161099955518,1286.498823521199
55.94591606170672,-3.1860855666239085,SE,55.94570392967236,-3.1858734345895527,1176.9161099955518,1285.248823521199
55.94570392967236,-3.1858734345895527,W,55.94570392967236,-3.186173434589553,1176.9161099955518,1283.998823521199
55.94570392967236,-3.186173434589553,NW,55.94591606170672,-3.1863855666239087,1176.9161099955518,1282.748823521199
55.94591606170672,-3.1863855666239087,ESE,55.94580125667701,-3.1861084027641553,1176.9161099955518,1281.498823521199
55.94580125667701,-3.1861084027641553,E,55.94580125667701,-3.185808402764155,1176.9161099955518,1280.248823521199
55.94580125667701,-3.185808402764155,WSW,55.9456864516473,-3.1860855666239085,1176.9161099955518,1278.998823521199
55.9456864516473,-3.1860855666239085,NW,55.945898583681654,-3.1862976986582643,1176.9161099955518,1277.748823521199
55.945898583681654,-3.1862976986582643,E,55.945898583681654,-3.185997698658264,1176.9161099955518,1276.498823521199
55.945898583681654,-3.185997698658264,WSW,55.94578377865194,-3.1862748625180175,1176.9161099955518,1275.248823521199
55.94578377865194,-3.1862748625180175,SW,55.94557164661759,-3.1864869945523733,1176.9161099955518,1273.998823521199
55.94557164661759,-3.1864869945523733,ENE,55.9456864516473,-3.18620983069262,1176.9161099955518,1272.748823521199
55.9456864516473,-3.18620983069262,NNW,55.945963615507054,-3.1863246357223294,1176.9161099955518,1271.498823521199
55.945963615507054,-3.1863246357223294,WNW,55.946078420536764,-3.186601799582083,1176.9161099955518,1270.248823521199
55.946078420536764,-3.186601799582083,SW,55.94586628850241,-3.1868139316164386,1176.9161099955518,1268.998823521199
55.94586628850241,-3.1868139316164386,NNE,55.946143452362165,-3.186699126586729,1176.9161099955518,1267.748823521199
55.946143452362165,-3.186699126586729,SE,55.94593132032781,-3.1864869945523733,1176.9161099955518,1266.498823521199
55.94593132032781,-3.1864869945523733,NNW,55.946208484187565,-3.186601799582083,1176.9161099955518,1265.248823521199
55.946208484187565,-3.186601799582083,SSE,55.94593132032781,-3.1864869945523733,1176.9161099955518,1263.998823521199
55.94593132032781,-3.1864869945523733,S,55.945631320327806,-3.1864869945523733,1176.9161099955518,1262.748823521199
55.945631320327806,-3.1864869945523733,NNW,55.94590848418756,-3.186601799582083,1176.9161099955518,1261.498823521199
55.94590848418756,-3.186601799582083,ENE,55.94602328921727,-3.1863246357223294,1176.9161099955518,1260.248823521199
55.94602328921727,-3.1863246357223294,SSW,55.945746125357516,-3.186439440752039,1176.9161099955518,1258.998823521199
55.945746125357516,-3.186439440752039,S,55.94544612535751,-3.186439440752039,1176.9161099955518,1257.748823521199
55.94544612535751,-3.186439440752039,WNW,55.945560930387224,-3.1867166046117923,1176.9161099955518,1256.498823521199
55.945560930387224,-3.1867166046117923,ENE,55.945675735416934,-3.186439440752039,1176.9161099955518,1255.248823521199
55.945675735416934,-3.186439440752039,ESE,55.945560930387224,-3.1861622768922855,1176.9161099955518,1253.998823521199
55.945560930387224,-3.1861622768922855,SW,55.94534879835287,-3.1863744089266413,1176.9161099955518,1252.748823521199
